0.23
0.55
0.95
0.76
0.94
0.39
0.3
0.1
0.98
0.06
0.61
0.59
0.88
0.42
0.73
0.3
0.59
0.87
0.35
0.63
0.89
0.8
0.57
0.64
0.17
0.09
0.24
0.88
0.47
0.14
0.87
0.03
0.38
0.58
0.01
0.82
0.04
0.48
0.05
0.69
0.87
0.08
0.577169
0.142468
0.126213
0.83
0.77
0.63
0.9
0.67
0.73
0.31
0.54
0.26
0.16
0.84
0.06
0.7
0.87
0.61
0.43
0.261532
1.00474
0.295412
0.14541
0.665413
0.875413
0.18541
0.479215
0.119943
0.449787
0.0853518
0.605674
0.905413
0.154731
0.412041
0.46
0.33
0.63
0.6
0.23
0.7
0.55
0.73
0.22
0.89
0.73
0.51
0.92
0.044731
0.0154104
0.258314
0.793407
0.840228
0.688078
0.155541
0.169693
0.0540495
0.051483
0.844118
0.490358
0.713554
0.736002
0.545244
0.192038
0.71
0.47
0.39
0.13
0.9
0.77
0.11
0.46
0.04
0.94
0.94
0.2
0.202548
0.695413
0.247296
0.0736408
1.10494
0.38793
1.02976
0.79379
0.613899
0.353964
0.711933
0.642671
0.575642
0.654694
0.321488
0.779156
0.652041
0.18
0.45
0.92
0.11
0.93
0.24
0.99
0.6
0.27
0.32
0.48
0.377935
0.495549
0.629533
1.06535
0.974189
1.06239
0.210717
0.95014
0.0902071
0.640154
0.774249
0.224389
0.943377
0.717579
0.114542
0.206941
0.555244
0.74
0.04
0.03
0.08
0.82
0.54
0.27
0.01
0.83
0.49
0.38
0.747536
0.383525
0.62628
1.11137
1.02017
0.425261
0.265368
0.0995911
0.53187
0.775077
0.355443
0.323596
0.372303
0.364223
0.593427
0.983024
0.955413
0.33
0.77
0.21
0.32
0.12
0.46
0.84
0.66
0.34
0.29
0.4
0.341531
0.295128
1.03937
1.12112
0.137646
0.186057
0.0168784
0.0817646
0.575849
0.761513
0.928829
0.89606
0.656698
0.363682
0.823095
0.893164
0.585413
0.44
0.06
0.83
0.04
0.76
0.19
0.64
0.01
0.76
0.16
0.43
0.817738
0.268622
1.03645
0.855214
0.331536
0.295752
0.86694
0.549839
0.700108
0.6
0.699721
0.808989
0.214292
0.982111
0.647078
1.11827
0.793211
0.27
0.16
0.03
0.87
0.01
0.17
0.53
0.11
0.85
0.41
0.28
0.747273
0.49459
0.735217
0.325368
0.882356
0.880095
0.0898553
0.810108
0.35
0.78
0.32373
0.725035
0.304481
0.942111
0.527076
0.660526
0.25
0.01
0.69
0.24
0.69
0.18
0.19
0.93
0.66
0.92
0.58
0.477157
0.694432
0.265764
0.655327
0.599552
0.70761
0.123638
1.03354
0.346368
0.252703
0.696223
0.729979
0.393414
0.738776
0.451175
0.515772
0.187115
0.65
0.74
0.38
0.38
0.69
0.55
0.29
0.07
0.66
0.55
0.59
0.210889
0.813201
0.689764
0.673341
0.77446
0.141392
0.903564
0.213466
0.685201
0.826036
0.740238
0.539979
0.444946
0.398825
0.697125
0.433757
0.121534
0.35391
0.57
0.24
0.35
0.67
0.99
0.5
0.9
0.55
0.19
0.85
0.050307
0.303345
0.256225
1.1201
0.59046
1.14639
0.613456
0.0451472
0.421329
-6.07806e-005
0.00993845
0.771491
0.968374
1.02241
0.983332
0.834537
0.834047
0.18153
0.62
0.02
0.38
0.38
0.15
0.44
0.32
0.48
0.92
0.68
0.0754179
0.973314
0.803005
0.593642
0.866632
1.09687
0.553323
0.283173
0.471594
0.641592
-0.108406
0.590945
0.382887
0.973541
0.223801
0.911534
0.809123
0.553514
0.43391
0.48
0.97
0.64
0
0.8
0.93
0.02
0
0.34
0.570081
0.883377
0.643376
1.05409
1.0324
0.68593
0.200072
0.18542
0.0225226
0.618437
0.942316
0.872359
0.409702
0.944656
0.205419
0.0763487
0.448343
0.663514
0.581521
0.24
0.56
0.57
0.68
0.39
0.46
0.9
0.46
0.99
0.0299996
0.0632501
0.273243
0.7122
0.508124
0.542008
0.472021
0.894045
0.748247
0.69357
0.705842
0.723724
0.599096
0.829097
1.11253
0.306098
0.408344
0.443525
0.813514
0.39
0.16
0.49
0.96
0.14
0.52
0.88
0.07
0.48
0.409998
0.123248
0.377002
0.842809
0.828023
0.212022
0.392021
1.09825
1.1464
0.232784
0.805754
0.313182
0.579096
0.500754
0.408435
0.271209
0.588328
0.563514
0.243521
0.52
0.26
0.44
0.22
0.08
0.65
0.51
0.15
0.85
0.3
0.899864
0.480915
-0.0102853
-0.0406765
0.808923
0.216314
0.366338
1.18751
1.04351
1.00904
0.951932
0.973194
0.830939
1.02265
0.17519
0.677045
0.623514
0.167619
0.19
0.96
0.86
0.75
0.47
0.92
0.95
0.53
0.02
0.7
0.694945
0.519689
0.879688
0.716465
0.0556646
0.755419
0.619432
0.499811
0.357528
0.607159
0.533269
0.412063
1.00276
0.513347
0.921664
0.719244
0.99
0.27
0.71
0.91
0.74
0.93
0.63
0.41
0.17
0.83
0.69
0.503753
0.593045
-0.0402847
0.109724
0.180277
0.409336
0.0333182
0.710482
0.644176
-0.0204238
-0.0643313
0.540224
0.186742
0.266563
0.217345
0.62038
0.98
0.55
0.49
0.32
0.61
0.55
0.87
0.99
0.27
0.82
0.71
0.06
0.35373
0.722891
-0.0651017
0.533045
0.307728
0.309964
0.573314
0.396417
0.108668
0.0365289
0.198126
0.439939
0.256733
0.296563
0.374356
0.884357
0.28
0.6
0.37
0.6
0.37
0.55
0.63
0.17
0.07
0
0.47
0.94
0.345678
0.311403
0.724875
0.494894
0.904875
0.274896
0.81609
0.074912
0.324261
0.840236
0.442671
0.485083
0.855046
0.629396
0.475115
0.67
0.93
0.09
0.32
0.26
0.01
0.91
0.74
0.31
0.73
0.06
0.2
0.61
0.0996
0.271651
0.481403
0.0072435
0.643223
0.324776
0.975466
0.808264
0.565422
0.775423
0.190435
0.860227
0.362727
0.04
0.79
0.64
0.59
0.97
0.58
0.85
0.08
0.21
0.89
0.44
0.78
0.14
0.81
0.86
0.69
0.77
0.87
0.589754
0.713223
0.797959
0.999536
0.768579
0.778579
0.866378
0.463322
0.0376245
0.940108
0.45
0.59
0.48
0.99
0.38
0.55
0.49
0.01
0.66
0.79
0.71
0.51
0.2
0.37
0.28
0.12
0.81
0.82
0.16
0.97
0.492547
0.665674
0.325355
0.953154
0.314042
0.94
0.64
0.79
0.06
0.33
0.28
0.06
0.83
0.05
0.21
0.62
0.99
0.43
0.82
0.12
0.65
0.89
0.05
0.89
0.06
0.84
0.4
0.26
0.7
0.815268
0.049943
0.474043
0.76
0.86
0.35
0.1
0.43
0.48
0.78
0.41
0.34
0.18
0.42
0.35
0.49
0.71
0.8
0.07
0.48
0.45
0.21
0.6
0.93
0.82
0.6
0.53
0.25
0.8
0.12
0.72
0.59
0.23
0.87
0.32
0.09
0.67
0.43
0.05
0.23
0.84
0.68
0.46
0.34
0.07
0.26
0.09
0.72
0.51
0.03
0.34
0.45
0.66
0.55
0.85
0.29
0.03
0.31
0.52
0.92
0.49
0.69
0.1
0.59
0.4
0.57
0.93
0.75
0.06
0.03
0.77
0.28
0.39
0.52
