0.34
0.15
0.11
0.17
0.09
0.84
0.25
0.62
0.14
0.99
0.05
0.28
0.34
0.01
0.1
0
0.97
0.32
0.14
0.82
0.29
0.52
0.58
0.29
0.9
0.71
0.56
0.95
0.95
0.31
0.36
0.16
0.68
0.88
0.15
0.28
0.120259
0.893832
0.177251
0.237251
0.67725
0.477251
0.367217
0.423741
0.710219
0.68
0.71
0.35
0.89
0.08
0.68
0.33
0.4
0.23
0.94
0.34
0.9
0.92
0.44
0.15
0.8
0.95
0.377695
0.723832
0.98725
0.107251
0.247251
0.120442
0.360031
0.980594
0.686875
0.143006
0.612161
0.0261414
0.0789089
0.440922
0.65
0.53
0.65
0.81
0.8
0.53
0.41
0.76
0.76
0.78
0.54
0.26
0.75
0.00769398
0.165541
1.00724
0.587228
0.40042
0.134048
0.888552
0.456462
0.546396
1.03438
0.216858
0.522988
0.263115
0.103127
0.850472
0.470259
0
0.3
0.49
0.15
0.12
0.42
0.96
0.03
0.66
0.71
0.75
0.79
0.234687
0.627251
0.038695
0.235285
0.623352
-0.0909667
0.202405
-0.107661
0.485155
0.459581
-0.392391
-0.284151
0.16928
0.200423
0.0293316
0.99789
0.33
0.96
0.82
0.1
0.83
0.36
0.23
0.55
0.32
0.33
0.99
0.4
0.610862
0.277398
0.972442
0.135793
-0.26525
0.199001
0.18423
0.484224
-0.245931
-0.0788273
0.654292
0.124312
0.156069
0.697486
0.0111799
0.145266
0.15
0.67
0.27
0.28
0.53
0.58
0.89
0.5
0.91
0.27
0.36
0.2
0.976669
0.624542
0.76849
-0.0191538
-0.245691
0.634249
0.202565
-0.197493
0.344806
0.526183
0.32403
0.484377
0.315782
-0.283922
0.351471
0.922672
0.9
0.5
0.29
0.46
0.42
0.74
0.87
0.71
0.16
0.88
0.01
0.38
0.0244098
0.0850208
-0.149716
0.55072
0.488006
-0.108917
0.108034
0.471759
0.172069
0.307262
0.448618
0.283851
0.0242981
0.478489
0.346097
0.793781
0.0799997
0.98
0.14
0.52
0.43
0.35
0.18
0.61
0.85
0.42
0.5
0.78
0.470034
-0.0339439
-0.178489
0.241492
0.230326
0.830834
0.169335
0.627247
0.84725
0.50725
1.02309
0.418618
0.728986
0.164293
0.388155
0.0764704
0.46
0.71
0.04
0.55
0.94
0.74
0.29
0.67
0.26
0.8
0.04
0.49
0.927429
0.471802
-0.0585032
0.4315
0.821127
0.697128
0.197248
0.187251
0.247251
0.177251
0.817674
0.976561
0.122181
-0.155694
-0.0709866
0.462862
0.51
0.85
1
0.96
0.88
0.76
0.82
0.34
0.71
0.39
0.48
0.0299649
0.233288
0.127234
0.0470669
0.615636
0.492491
0.874419
0.784419
0.27442
0.134433
0.850963
0.850012
0.622556
0.498954
0.40599
-0.0167294
0.420148
0.52
0.51
0.35
0.85
0.07
0.59
0.47
0.51
0.29
0.15
0.09
0.929888
0.483275
-0.273465
-0.294286
0.0311408
0.595917
-0.00417358
-0.0228242
0.301576
0.333748
1.08904
0.659162
0.252571
1.06106
0.253818
0.770401
0.0402922
0.561493
0.05
0.99
0.58
0.38
0.51
0.5
0.17
0.08
0.84
0.05
0.559881
0.163272
-0.25689
0.535016
-0.0710407
-0.437107
0.523807
0.433228
0.621403
1.06904
0.539038
0.119047
0.545626
0.091004
0.912907
0.490413
-0.00956982
0.910822
0.32
0.73
0.5
0.77
0.5
0.2
0.93
0.24
0.28
0.66
0.159943
0.253276
0.354349
0.138463
-0.147464
0.0217827
0.629932
0.387661
0.920683
1.09899
0.650683
0.965587
0.96298
0.179141
0.733786
0.240423
0.440248
0.663688
0.871493
0.08
0.47
0.34
0.72
0.72
0.36
0.97
0.59
0.19
0.25
0.853401
0.883401
0.47684
0.374677
0.0902666
0.0277417
0.153763
0.709267
0.633556
0.523839
0.25166
-0.0792206
0.672015
0.470044
0.640945
0.634517
0.0845524
0.078014
0.75
0.62
0.74
0.95
0.02
0.7
0.79
0.45
0.71
0.7
0.973401
0.623401
0.338971
0.349789
0.47433
-0.0452459
0.628824
0.216546
-0.467128
0.0689682
0.416862
-0.107639
-0.277644
0.398921
0.158242
0.624517
0.184555
0.0975605
0.92
0.38
0.34
0.94
0.54
0.51
0.05
0.03
0.55
0.53
0.1734
1.0578
0.500133
0.45792
-0.139028
0.180964
0.246547
-0.047095
-0.201026
0.0189592
0.256381
-0.0876395
0.362391
0.152452
-0.0498547
0.884517
0.834542
0.273699
0.63
0.85
0.1
0.66
0.8
0.01
0.47
0.78
0.03
0.81
0.947798
0.567611
0.593411
0.598825
0.303026
0.468899
-0.317091
0.195856
0.243452
0.947169
0.690291
0.552404
0.432452
0.326588
0.341877
0.794527
0.354552
1.01379
0.64
0.22
0.74
0.36
0.66
0.29
0.52
0.55
0.63
0.49
1.17378
1.11543
0.951155
0.597741
0.243937
0.136165
-0.0733168
0.833874
0.221752
0.831771
0.985163
0.169882
0.551757
-0.342343
0.18176
1.02725
0.64725
0.89725
0.66
0.33
0.08
0.05
0.46
0.01
0.09
0.75
0.67
0.354419
0.73528
0.761121
1.18494
0.88886
-0.216837
-0.248395
0.63885
0.341573
0.464531
0.294219
0.296809
-0.078827
-0.222943
-0.10017
-0.228227
0.53725
0.82725
0.96725
0.790261
0.84
0.64
0.02
0.96
0.12
0.92
0.06
0.11
0.170412
0.533291
0.98501
0.838416
0.296415
0.514209
-0.284974
0.564908
-0.1751
0.682808
0.484318
0.194992
-0.174522
0.547055
0.12395
0.322862
0.236396
0.55725
0.75725
0.756396
0.48
0.38
0.54
0.69
0.12
0.85
0.05
0.49
0.488058
0.651735
1.06474
0.848428
1.17838
0.759184
0.97373
0.518309
0.258585
0.596405
-0.283534
0.50972
0.423926
-0.113435
0.0601654
0.903135
0.387252
0.417251
0.0672511
0.66725
0.49
0.8
0.69
0.36
0.81
0.06
0.51
0.66
0.207355
1.01189
0.940387
0.301452
0.219284
0.960135
1.04619
0.257416
0.612313
0.522314
0.452435
-0.207565
0.497653
0.803135
0.173134
0.342969
0.817251
0.51725
0.50725
0.89725
0.72
0.26
0.88
0.74
0.13
0.27
0.81
0.29
0.17
0.43
0.49
0.348483
0.859285
0.599285
0.379169
0.399157
0.179155
0.699163
0.870135
0.930414
0.623135
0.243134
0.422968
0.0272512
0.257252
0.79725
0.327252
0.546135
0.08
0.51
0.18
0.49
0.52
0.22
0.64
0.3
0.35
0.54
0.39
0.23
0.629252
0.334962
0.795765
0.895762
0.325759
0.86581
-0.0141175
0.835884
0.285881
0.205719
0.6
0.95
0.47
0.03
0
0.49
0.7
0.79
0.61
0.42
0.94
0
0.8
0.95
0.07
0.48
0.39
0.54
0.77
0.12
0.839944
0.269877
0.259928
0.69
0.29
0.53
0.16
0.83
0.21
0.58
0.21
0.23
0.38
0.6
0.94
0.9
0.83
0.78
0.23
0.81
0.11
0.62
0.43
0.66
0.03
0.72
0.02
0.09
0.92
0.91
0.12
0.04
0.92
0.18
0.6
0.02
0.88
0.58
0.31
0.25
0.42
0.33
0.75
0.9
0.54
0.72
0.67
0.09
0.2
0.61
0.26
0.47
0.12
0.72
0.65
0.09
0.29
0.62
0.05
0.11
0.01
0.68
0.72
0.54
0.34
0.68
0.7
0.64
0.09
0.55
0.57
0.38
0.07
0.64
