0.82
0.84
0.88
0.42
0.88
0.53
0.09
0.19
0.28
0.11
0.85
0.83
0.05
0.71
0.91
0.2
0.31
0.88
0.96
0.79
0.39
0.89
0.04
0.02
0.36
0.24
0.94
0.47
0.55
0.36
0.82
0.94
0.26
0.38
0.22
0.61
0.62
0.75
0.55
0.78
0.69
0.1
0.75
0.6
0.8
0.27
0.12
0.18
0.89
0.14
0.83
0
0.82
0.17
0.33
0.87
1
0.39
0.68
0.32
0.84
0.72
0.4
0.53
0.95
0.44
0.7
0.91
0.473987
0.918036
0.564005
0.610001
0.220001
0.940001
0.190001
0.65
0.61
0.59
0.31
0.77
0.3
0.54
0.62
0.48
0.08
0.39
0.32
0.1
0.94
0.23
0.47
0.63
0.84
0.28
0.495492
0.466042
0.0840356
0.294042
0.714536
0.263987
0.46
0.900001
0.800001
0.430001
0.35
0.93
0.27
0.66
0.48
0.14
0.78
0.16
0.02
0.65
0.92
0.32
0.97
0.91
0.92
0.418362
0.981679
-0.0183252
0.159665
-0.0203371
0.209663
0.979668
-0.000336551
0.720167
0.839638
0.925637
0.145639
0.826189
0.538359
0.09
0.54
0.14
0.79
0.85
0.5
0.9
0.19
0.59
0.74
0.62
0.55
0.36877
0.866188
0.74113
0.340672
0.0896642
0.939669
0.0696633
0.839668
0.119665
0.129662
0.429665
0.240165
0.959637
0.395632
0.285637
0.485772
0.43
0.02
0.46
0.68
0.64
0.63
0.39
0.68
0.18
0.72
0.41
0.55
0.666047
0.0856382
0.831177
0.119665
0.139663
0.319665
0.479665
0.976175
0.0781148
0.49967
0.979667
0.269665
0.710167
0.399614
0.0756345
0.54742
0.72
1
0.57
0.53
0.7
0.78
0.04
0.67
0.24
0.37
0.14
0.24
0.545776
0.0191235
0.489666
0.739668
0.732261
0.100537
0.589995
0.27
0.0399997
0.672495
0.114033
0.12403
0.384032
0.484529
0.459992
0.399997
0.34
0.01
0.4
0.14
0.91
0.55
0.76
0.65
0.49
0.18
0.41
0.42
0.423442
0.770665
0.0796633
0.129663
0.235311
0.890001
0.31
0.68
-1.87182e-009
3.2939e-015
0.172489
0.694038
0.744029
0.194027
0.609992
0.359992
0.06
0.26
0.29
0.33
0.92
0.04
0.14
0.63
0.17
0.15
0.22
0.77
0.50554
0.281979
0.319665
0.219663
0.495138
0.94
0.17
0.9
0.19
0.7
0.75
0.194036
0.914033
0.0440246
0.429992
0.599996
0.3
0.44
0.98
0.45
0.36
0.74
0.32
0.55
0.41
0.3
0.87
0.02
0.464041
0.564028
0.599668
0.926176
0.365637
0.625639
0.295635
0.725639
0.815639
0.965639
0.815639
0.499679
0.809676
0.349675
0.426188
0.60836
0.54
0.23
0.03
0.82
0.99
0.57
0.1
0.9
0.6
0.01
0.54
0.58
0.364041
0.444032
0.789803
0.12563
0.305632
0.525639
0.395635
0.0156381
0.345635
0.245638
0.115637
0.689676
0.509676
0.409675
0.265637
0.585777
0.898359
0.05
0.67
0.84
0.62
0.97
0.43
0.88
0.65
0.14
0.24
0.78
0.314041
0.184026
0.701993
0.875631
0.595632
0.925641
0.885639
0.635639
0.315635
0.515639
0.275635
0.449675
0.559678
0.389675
0.345637
0.735641
0.255772
0.35
0.97
0.41
0.27
0.39
0.24
0.54
0
0.25
0.93
0.49
0.00403533
0.384037
0.744028
0.0799907
0.579992
0.00999755
0.760001
0.460001
0.0300006
0.090001
0.100001
0.604039
0.834039
0.401991
0.315637
0.51564
0.505639
0.368362
0.76
0.46
0.89
0.44
0.89
0.92
0.83
0.59
0.52
0.52
0.634038
0.854037
0.302801
0.106175
0.535631
0.746182
0.25836
0.279993
0.299992
0.699992
0.179991
0.0240264
0.594035
0.0940356
0.855776
0.535639
0.815639
0.315773
0.04
0.57
0.55
0.97
0.91
0.94
0.87
0.19
0.37
0.53
0.694038
0.984037
0.660221
0.355625
0.225628
0.355626
0.00562968
0.835631
0.745631
0.455626
0.301118
0.159663
0.219663
0.549669
0.855637
0.0256382
0.565639
-0.00436191
0.52
0.58
0.28
0.85
0.7
0.39
0.98
0.19
0.07
0.65
0.334041
0.0240344
0.902001
0.415626
0.21563
0.985631
0.235629
0.675631
0.525631
0.695631
0.951173
0.629669
0.339666
0.0796635
0.0156288
0.305635
0.175638
0.175638
0.77
0.65
0.25
0.92
0.24
0.6
0.02
0.26
0.3
0.5
0.894038
0.464041
0.454042
0.0299962
0.957955
0.22563
0.475626
0.395626
0.635634
0.515639
0.879673
0.569669
0.929669
0.0361745
0.945631
0.445635
0.335635
0.69742
1
0.78
0.58
0.9
0.85
0.12
0.02
0.18
0.33
0.59
0.334041
0.204037
0.584039
0.740001
0.479992
0.439992
0.859991
0.519998
0.36
0.24
0.474041
0.134034
0.534028
0.14999
0.0899907
0.08
0.09
0.08
0.99
0.04
0.11
0.29
0.4
0.47
0.96
0.44
0.59
0.64
0.0740341
-0.00596438
0.854039
0.353987
0.759992
0.719992
0.799992
0.019989
0.529998
0.245492
0.494033
0.934028
0.314032
0.0299902
0.529992
0.87
0.63
0.43
0.71
0.09
0.09
0.59
0.45
0.87
0.8
0.19
0.23
0.00999975
0.694534
0.894039
0.944039
0.354538
0.0939862
0.43999
0.33999
0.27999
0.535482
-0.00497467
-0.0159771
0.564028
-0.00597551
0.659992
0.099995
0.68
0.7
0.26
0.53
0.05
0.62
0.66
0.69
0.71
0.84
0.85
0.77
0.0899998
0.192489
0.154037
0.814039
0.674038
0.504039
0.0140295
0.514027
0.294032
0.944028
0.404032
0.324032
-0.0159749
0.770536
0.289996
0.940001
0.83
0.05
0.46
0.99
0.37
0.77
0.48
0.55
0.43
0.61
0.1
0.84
0.1
0.28
0.342486
0.474042
0.524039
0.714039
0.0140367
0.664033
0.474032
0.0540249
0.654028
0.314032
0.60054
0.710001
0.47
0.830001
0.53
0.02
0.07
0.87
0.26
0.33
0.59
0.01
0.92
0.94
0.08
0.58
0.32
0.02
0.54
0.16249
0.734038
0.594039
0.554038
0.504039
0.904039
0.474042
0.694039
0.610545
0.660001
0.43
0.730001
0.86
0.63
0.54
0.27
0.47
0.76
0.78
0.04
0
0.25
0.79
0.98
0.91
0.36
0.36
0.69
0.2
0.82
0.700001
0.990001
0.100001
0.350001
0.910001
0.740001
0.920001
0.27
0.130001
0.28
0.77
0.02
0.45
0.08
0.19
0.9
0.66
0.07
0.73
0.96
0.3
0.89
0.59
0.23
0.95
0.74
0.59
0.41
0.85
0.38
8.1081e-007
0.78
0.46
0.94
0.59
0.75
0.33
0.79
0.07
0.72
0.5
0.31
0.9
0.2
0.03
0.52
0.9
0.31
0.53
0.15
0.88
0.24
0.94
0.56
0.87
0.98
0.92
0.43
0.24
0.5
0.13
0.97
0.07
0.67
0.84
0.01
0.09
0.49
0.25
0.11
0.68
0.84
0.65
0.04
0.59
0.97
0.3
0.94
0.11
0.65
0.31
0.37
0.75
0.13
0.67
0.83
0.68
0.72
0.06
0.87
0.45
0.85
0.87
0.15
0.94
0.17
0.51
0.75
0.2
0.35
0.98
0.97
0.62
