0.5
0.66
0.33
0.74
0.25
0.63
0.14
0.86
0.59
0.34
0.51
0.32
0.24
0.01
0.09
0.38
0.72
0.79
0.94
0.42
0.93
0.56
0.25
0.35
0.02
0.6
0.65
0.39
0.92
0.12
0.02
0.33
0.96
0.74
0.01
0.02
0.78
0.22
0.75
0.67
0.73
0.93
0.670002
1.00001
0.480009
0.47
0.29
0.23
0.76
0.52
0.56
0.78
0.02
0.83
0.64
0.67
0.14
0.21
0.26
0.27
0.23
0.84
0.46
0.27
0.00999857
0.38
0.63
0.98
0.69305
0.625558
0.273081
0.91003
0.490026
0.51
0.14
0.34
0.43
0.29
0.3
0.99
0.25
0.03
0.38
0.57
0.28
0.61
0.62
0.38
0.42
0.63
0.39
0.955664
0.517536
0.490055
0.67984
0.633294
0.46099
0.421008
0.696584
1.00312
0.620082
0.627536
0.827545
0.66
0.0499997
0.21
0.81
0.95
0.11
0.66
0.43
0.67
0.38
0
0.9
0.64
0.94
1
0.109999
0.563876
0.401339
0.565662
0.744629
0.102136
0.222159
0.102151
0.762219
0.817799
0.156718
0.749982
0.819755
0.109058
0.266365
0.39
0.4
0.51
0.82
0.28
0.12
0.08
0.24
0.68
0.49
0.78
0.32
0.667268
0.0515054
0.989565
1.0552
0.420558
0.997124
0.689252
0.329187
0.469186
0.389187
0.489178
0.5227
0.810629
0.270572
0.319698
0.520637
0.45
0.42
0.5
0.93
0.23
0.84
0.95
0.18
0.55
0.14
0.41
0.53
0.491176
0.830334
0.899837
0.577069
0.799177
0.409128
0.389128
0.711731
0.434522
0.00909648
0.479102
0.36854
0.576782
0.200553
0.523764
0.654278
0.109999
0.08
0.4
0.11
0.94
0.05
0.83
0.43
0
0.02
0.59
0.05
0.560638
0.399771
0.681314
0.599176
0.464923
-0.0586448
0.718394
0.737063
0.817045
0.713347
0.284849
0.836841
0.748893
0.156427
0.364047
0.702706
0.95
0.7
0.76
0.55
0.47
0.07
0.87
0.74
0.61
0.42
0.09
0
0.825241
0.12479
0.499182
0.669202
0.3408
0.413949
0.622699
0.34
0.96
0.7
0.827024
0.474849
0.602001
0.708893
0.520935
0.523991
0.59
0.75
0.23
0.78
0.29
0.71
0.74
0.23
0.42
0.53
0.48
0.71
0.527659
0.340238
0.959202
-0.0108809
0.473102
0.180023
0.35
0.95
0.51
0.82
0.502956
0.677957
0.59139
0.318889
0.690935
0.881329
0.65
0.17
0.22
0.32
0.5
0.44
0.97
0.69
0.39
0.76
0.65
0.200009
0.500954
0.360835
-0.0208799
-0.018356
0.223019
0.610362
0.540362
0.976024
0.377835
0.986731
0.717421
0.658344
0.728344
0.173974
0.181562
0.546341
0.96
0.26
0.4
0.71
0.96
0.56
0
0.33
0.34
0.23
0.18
0.680025
0.970952
0.472203
0.609507
0.623929
-0.0170115
0.330297
0.830362
0.510149
0.0752938
0.167392
0.497414
0.278278
0.598344
0.381252
0.400327
0.100589
0.456366
0.79
0.84
0.66
0.57
0.73
0.22
0.62
0.6
0.32
0.66
0.330026
1.10093
0.544942
0.197233
0.351177
0.0742823
0.0103111
0.736674
0.860792
0.0673901
0.00739114
0.75745
0.278305
0.303994
0.78131
0.679756
0.0978367
0.660638
0.36
0.33
0.86
0.21
0.82
0.67
0.48
0.79
0.71
0.38
0.950004
0.360952
0.174303
0.601819
-0.00913947
0.39088
0.761058
-0.0129558
0.557063
0.267053
0.727063
0.458783
0.368417
0.941003
1.04649
0.230344
0.0197144
0.520334
0.0363431
0.56
0.42
0.4
0.25
0.39
0.86
0.7
0.75
0.76
0.7
1.10092
0.680923
0.532187
0.422371
0.0195323
0.742582
0.83542
-0.0396507
0.307934
0.633596
0.850912
0.294272
0.253079
1.151
0.74069
0.790387
0.380271
0.600638
0.55
0.1
0.78
0.55
0.85
0.54
0.77
0.99
0.59
0.07
0.550922
0.430925
0.818106
0.806145
0.458178
0.228184
0.434398
-0.134045
0.80927
0.461177
0.140968
0.292103
0.822167
0.594629
0.14303
0.330327
0.610334
0.130288
0.38
0.51
0.84
0.32
0.15
0.32
0.27
0.49
0.39
0.99
0.300925
0.71317
0.877363
-0.0687204
-0.171818
0.458178
0.475946
0.249186
0.75124
0.141178
0.538901
0.702167
0.570321
0.362132
0.604377
0.850387
0.360271
0.790334
0.89
0.32
0.6
0.22
0.11
0.33
0.33
0.42
0.43
0.6
1.04888
0.779444
0.968011
0.437919
0.640919
0.149911
0.559268
0.171166
0.181617
0.520362
0.194589
0.382096
0.680306
0.964718
0.151212
0.513471
0.33027
0.524278
0.31
0.99
0.37
0.09
0.8
0.74
0.82
0.78
0.22
0.57
0.121416
0.688011
0.918011
0.15708
0.0836263
0.853184
-0.0641593
0.14727
0.85461
0.707063
0.503652
0.2075
0.0867701
0.797245
0.620934
0.520633
0.69
0.12
0.04
0.16
0.69
0.75
0.39
0.07
0.88
0.15
0.21
0.852248
0.917404
0.618011
0.958011
0.670139
0.291073
0.837971
0.0379496
-0.00892592
0.359801
0.378926
0.741344
0.238875
0.978891
0.839948
0.814022
0.99
0.55
0.66
0.25
0.61
0.85
0.79
0.13
0.62
0.16
0.96
0.39
0.132951
0.0735273
0.16795
0.897404
0.123583
0.713516
0.457963
0.807996
0.157971
0.877788
0.400071
0.588893
0.918894
0.968893
-0.0632993
0.0719277
0.43
0.53
0.71
0.26
0.61
0.29
0.33
0.67
0.71
0.72
0.67
0.15
0.399003
0.833347
0.817957
0.18795
1.06788
0.637957
0.851336
0.498299
0.634571
0.921885
0.511865
0.301863
0.241849
0.426205
0.0412953
1
0.93
0.23
0.05
0.06
0.47
0.31
0.56
0.86
0.25
0.78
0.02
0.88
0.910348
0.637034
0.453345
1.0237
0.190924
0.690922
0.38093
0.304309
0.521827
0.851834
0.771805
0.511799
0.324751
0.55
0.97
0.49
0.67
0.51
0.17
0.8
0.78
0.86
0.69
0.45
0.06
0.13
0.49
0.45
0.66
0.91
0.98
1.00632
0.480925
0.360925
0.730947
0.270952
0.950952
0.930952
0.480925
0.94345
0.83
0.96
0.35
0.56
0.74
0.82
0.5
0.05
0.12
0.84
0.42
0.59
0.11
0.71
0.71
0.44
0.26
0.14
0.71
0.45
0.03
0.29
0.900027
0.150023
0.88003
0.0900146
0.36
0.11
0.02
0.15
0.81
0.76
0.33
0.56
0.55
0.11
0.13
0.46
0.23
0.89
0.42
0.25
0.02
0.83
0.93
0.09
0.45
0.56
0.28
0.74
0.900004
0.120025
0.94001
0.71
0.19
0.08
0.98
0.93
0.82
0.5
0.07
0.8
0.09
0.28
0.52
0.08
0.72
0.94
0.51
0.75
0.69
0.16
0.45
0.79
0.64
0.03
0.81
0.6
0.97
0.04
1
0.34
0.42
0.81
0.52
0.01
0.17
0.66
0.64
0.9
0.55
0.22
0.66
0.72
0.73
0.93
0.77
0.37
0.91
0.42
0.04
0.64
0.65
0.42
0.8
0.58
0.03
0.86
0.25
0.97
0.77
0.35
0.56
0.32
0.01
0.4
0.72
0.84
0.86
0.49
0.58
0.78
0.77
0.99
