0.96
0.37
0.19
0.25
0.43
0.16
0.96
0.43
0.13
0.79
0.93
0.91
0.71
0.81
0.36
0.31
0.12
0.02
0.5
0.32
0.24
0.83
0.35
0.27
0.52
0.32
0.42
0
0.19
0.6
0.97
0.66
0.18
0.34
0.74
0.25
0.719999
0.579999
0.209998
0.869998
0.779998
0.879998
1.18731
1.72398
0.929751
0.56
0.24
0.42
0.31
0.68
0.28
0.48
0.03
0.35
0.2
0.85
0.95
0.34
0.92
0.31
0.12
0.951517
0.234693
0.115365
0.905367
0.035365
0.605367
0.425365
0.534116
0.549794
2.06297
2.04252
2.24835
0.405366
0.224693
0.00202027
0.42
0.17
0.42
0.37
0.18
0.61
0.49
0.03
0.27
0.46
0.95
0.99
0.8
0.224693
0.695367
0.915207
0.744874
0.0248048
0.813867
0.244839
0.917503
2.30659
1.36246
1.20371
1.04641
-0.442131
0.549537
0.125197
0.832019
0.89
0.22
0.47
0.35
0.58
0.57
0.69
0.58
0.53
0.84
0.7
0.32
0.492524
0.105365
0.122058
0.877635
0.292045
0.537986
1.1216
1.43567
1.79787
1.49934
1.04609
0.36152
0.166168
0.174232
0.148929
0.492346
0.62202
0.28
0.75
0.36
0.41
0.5
0.4
0.24
0.39
0.3
0.05
0.11
0.845391
0.803765
0.121639
0.297943
0.82327
1.46129
1.82262
1.33885
2.11459
1.6446
1.3907
0.502769
-0.250511
-0.0190274
-0.0823382
0.530924
0.305199
0.84
0.52
0.55
0.63
0.68
0.09
0.82
0.34
0.1
0.86
0.96
0.611028
0.232836
0.76092
0.992107
1.29988
1.69149
1.27942
1.52315
1.13065
0.262159
0.047991
-0.0422683
0.156336
0.00031241
0.371603
-0.0362473
0.585369
0.29
0.68
0.57
1
0.75
0.31
0.54
0.22
0.93
0.93
0.88
0.0855748
0.77919
0.620088
1.03745
1.7331
2.06463
2.0453
1.54223
0.508339
0.431271
0.748518
0.700797
0.584631
-0.201623
0.44699
0.894529
0.635369
0.41
0.63
0.2
0.55
0.99
0.97
0.42
0.49
0.73
0.34
0.95
0.908031
0.789751
2.55412
2.45149
2.10664
1.94717
1.1027
-0.341398
-0.127793
0.879998
1.16471
-0.077024
-0.178807
0.199956
0.321925
1.15761
0.183177
0.93
0.63
0.67
0.67
0.84
0.72
0.75
0.15
0.1
0.36
0.43
0.433258
1.80081
2.20149
1.42941
0.961348
1.6516
0.3086
0.172208
0.929998
0.529998
0.797038
0.238026
-0.0337043
0.47
0.201935
0.258414
0.81
0.46
0.23
0.42
0.68
0.57
0.81
0.73
0.4
0.49
0.2
0.697312
1.74351
2.64082
2.02943
1.45315
1.71283
1.20443
1.27219
2.2198
1.98289
1.24636
0.282907
0.000308975
0.115648
-0.066569
-0.0614181
0.600323
0.56
0.37
0.1
0.72
0.16
0.43
0.81
0.56
0.88
0.84
0.48
1.96471
2.13087
1.77394
1.54787
1.39997
1.39359
1.87218
1.62999
1.43026
1.6686
1.56591
0.362905
-0.158178
0.0956487
-0.114977
0.777621
0.275569
0.697148
0.33
0.98
0.18
0.23
0.44
0.72
0.52
0.2
0.8
0.34
1.77379
1.71882
1.61679
0.99066
1.25156
1.96441
1.96997
1.81434
2.4346
1.82005
2.25003
1.69235
1.57246
1.69398
0.794765
0.417658
0.00262577
-0.0444271
0.62
0.78
0.75
0.68
0.23
0.09
0.98
0.19
0.77
0.23
0.885183
1.69455
0.928491
0.996117
-0.0365232
0.26713
0.394948
2.14704
2.25777
2.13778
2.16778
1.927
1.32751
1.47936
0.894186
0.165453
0.132293
0.692817
0.217184
0.66
0.86
0.91
0.69
0.41
0.69
0.13
0.99
0.97
-0.192019
-0.202598
-0.232592
0.232731
0.740937
0.935795
0.516607
1.93541
2.78522
2.36494
1.76421
1.74414
1.42737
1.24884
0.681026
0.614991
0.822252
0.912817
-0.0144263
0.76
0.44
0.72
0.65
0.14
0.49
0.32
0.46
0.88
0.49
0.252949
0.402949
0.781433
0.969165
1.26061
0.530589
0.740722
1.00985
0.885119
2.28371
1.176
0.889898
1.7999
1.11263
0.161418
-0.0677225
0.0428382
0.142839
0.44
0.49
0.16
0.22
0.26
0.84
0.91
0.68
0
0.9
0.672945
0.563713
1.05681
1.27568
1.08061
0.360599
0.929849
0.297828
1.82618
1.44327
1.53022
1.82989
0.573565
1.02237
0.304475
0.842252
0.772817
0.102838
0.34
0.91
0.86
0.81
0.8
0.6
0.48
0.27
0.35
0.9
0.593541
0.547366
0.553021
0.414082
0.596521
0.674094
0.177833
0.507282
2.1079
1.4862
1.61668
0.575984
-0.473126
0.340369
0.379392
0.282467
0.0528382
0.298388
0.7
0.09
0.83
0.16
0.3
0.12
0.35
0.25
0.73
0.73
0.91949
1.163
0.42302
0.830062
0.364981
0.747319
0.635736
2.38552
1.96293
1.6476
1.19039
0.505092
0.780934
0.260924
0.766606
0.74998
0.0899985
0.859998
0.29
0.25
0.67
0.27
0.23
0
0.89
0.73
0.82
0.800758
0.933302
1.193
0.663013
0.338825
0.602263
1.06723
1.76454
2.13426
2.36174
1.53048
1.27353
0.644634
1.18017
0.519334
0.52675
0.149998
0.969998
0.309998
0.759999
0.52
0.75
0.36
0.41
0.24
0.63
0.06
0.59
1.22704
0.660347
0.953567
0.8533
1.31976
0.982768
0.927181
2.12408
2.70974
2.08877
1.65064
0.457808
0.704632
0.840132
0.475165
1.04306
0.459999
0.579998
0.119998
0.529998
0.07
0.05
0.9
0.92
0.59
0.27
0.85
0.94
1.17276
1.09906
0.563581
1.24357
0.403579
0.673576
0.659058
2.36266
2.81046
1.81202
0.550733
-0.0560378
-0.106037
0.787798
0.363043
0.749999
0.699998
0.229998
0.599998
0.239998
0.44
0.63
0.27
0.35
0.75
0.25
0.98
0.83
0.627946
1.07062
0.469075
0.571358
0.352948
0.804461
1.40526
1.94943
2.44262
2.14263
0.516868
0.44457
0.288496
0.519998
0.919999
0.969998
0.249998
0.389998
0.389998
0.839998
0.03
0.24
0.39
0.62
0.27
0.47
0.12
0.89
0.82
0.9
0.05
0.128446
0.472948
0.757638
2.00302
2.41543
2.39544
1.58327
-0.0290711
-0.454583
-0.327793
0.819999
0.789998
0.549998
0.639998
0.239998
0.929998
0.509999
0.57
0.52
0.51
0.57
0.96
0.73
0.79
0.09
0.7
1
0.45
0.38
0.14
0.232526
1.73837
1.90252
1.97033
1.15325
0.23
0.59
0.0999998
0.14
0.48
0.68
0.56
0.19
0.38
0.61
0.82
0.53
0.37
0.01
0.06
0.32
0.15
0.15
0.3
0.87
0.59
0.82
0.71
0
1.47219
2.04715
1.72325
0.28
0.04
0.26
0.54
0.95
0.01
0.24
0.43
0.81
0.54
0.94
0.5
0.37
0.96
0.84
0.3
0.02
0.02
0.06
0.95
0.89
0.53
0.17
0.66
0.43
0.17
0.41
0.32
0.78
0.85
0.84
0.28
0.03
0.63
0.13
0.21
0.67
0.61
0.39
0.12
0.11
0.21
0.87
0.41
0.59
0.16
0.34
0.62
0.22
0.79
0.84
0.5
0.42
0.89
0.34
0.52
0.76
0.95
0.52
0.47
0.4
0.18
0.15
0.33
0.92
0.81
0.38
0.29
0.55
0.06
0.37
