0.05
0.4
0.62
0.09
0.44
0.33
0.97
0.53
0.51
0.61
0.15
0.98
0
0.73
0.72
0.84
0
0.88
0.02
0.29
0.11
0.87
0.03
0.94
0.34
0.04
0.32
0.81
0.2
0.02
0.34
0.67
0.43
0.4
0.75
0.01
0.46
0.56
0.61
0.11
0.31
0.52
0.0787615
0.596714
0.318349
0.86
0.2
0.9
0.57
0.53
1
0.4
0.15
0.54
0.33
1
0.12
0.26
0.91
0.15
0.05
0.3
0.630001
0.240001
0.970001
0.170001
0.750001
0.31
0.559557
0.0981806
0.655445
0.865614
0.72575
0.730001
0.670001
0.52
0.82
0.77
0.56
0.76
0.14
0.92
0
0.5
0.36
0.82
0.78
0.03
0.82
0.840001
0.590001
0.880106
0.650265
0.0903283
0.915025
0.132947
0.314501
0.811997
0.873408
0.415573
0.625919
0.330287
0.700119
0.150001
0.63
0.13
0.72
0.23
0.86
0.46
0.82
0.13
0.13
0.62
0.8
0.33
0.45
0.21
0.590001
0.427397
0.854418
0.0682197
0.719813
0.0792194
0.476627
0.576593
0.156631
0.828278
0.78097
0.756799
0.14542
0.249525
0.137093
0.14
0.88
0.65
0.06
0.93
0.37
0.17
0.06
0.18
0.11
0.33
0.85
0.125323
0.939392
0.689979
0.338237
0.415416
0.189399
0.92691
0.456667
0.786635
0.446667
0.838424
0.302767
0.654717
0.610213
0.445431
0.741203
5.22556e-007
0.38
0.82
0.19
0.1
0.33
0.35
0.18
0.41
0.49
0.33
0.18
0.633297
0.215105
0.167375
0.0807152
0.208527
0.446336
0.50633
0.998419
0.335008
0.740571
0.920718
0.0708733
0.0927463
0.364824
0.842407
1.06399
0.680001
0.08
0.63
0.6
0.49
0.04
0.24
0.8
0.2
1
0.57
0.57
1.0511
0.583157
0.205129
0.798926
0.612234
0.203333
0.704095
0.675658
0.717448
0.134549
0.683661
0.0754529
0.635902
0.247666
0.792258
0.623558
0.900001
0.59
0.5
0.24
0.44
0.63
0.84
0.07
0.83
0.53
0.45
0.06
0.283581
0.619449
0.0668844
0.71633
0.501142
0.99347
0.266874
0.169861
0.42
0.45
0.014529
0.753661
0.618104
-0.104054
0.190089
0.331963
0.0500006
0.09
0.93
0.71
0.3
0.02
0.21
0.78
0.52
0.86
0.5
0
0.270924
0.410514
0.136343
0.256335
0.317475
0.255614
0.829854
0.62
0.41
0.88
0.0900356
0.085861
0.693133
0.535903
0.220089
0.958441
0.86
0.28
0.64
0.84
0.76
0.99
0.71
0.69
0.11
0.04
0.48
0.678763
0.531966
0.721196
0.226343
0.308436
0.520719
0.130717
0.550735
1.07074
1.08144
0.983755
0.915468
0.80127
0.93127
0.971215
0.319738
0.97711
0.34
0.8
0.39
0.05
0.94
0.04
0.36
0.79
0.32
0.76
0.44
0.0460268
0.0714353
-0.0887896
0.0324104
0.770469
1.07416
0.460723
0.640735
0.86099
0.331098
1.07106
0.205471
0.391299
0.761272
0.161257
0.825426
1.1011
0.457111
0.83
0.69
0.29
0.3
0.2
0.71
0.34
0.84
0.72
0.04
0.405753
0.781417
0.683369
0.110063
0.560482
0.942685
0.160717
0.710718
0.950893
0.611082
0.241085
0.261099
0.246918
0.667377
0.749578
0.22542
0.445215
1.0311
0.62
0.15
0.07
0.09
0.91
0.54
0.87
0.65
0.43
0.04
0.0579362
0.621417
0.608397
0.552685
0.319613
0.409754
0.723555
0.806345
0.0356537
0.135652
0.625657
0.315646
0.531545
0.791722
0.560697
0.655426
0.49543
0.965122
0.117097
0.46
0.56
0.32
0.29
0.52
0.9
0.75
0.06
0.32
0.23
0.245821
0.825804
0.753042
0.119159
0.224884
0.921389
0.964738
0.754242
0.835405
0.185394
0.665364
0.750002
0.625116
0.453554
0.991508
1.0053
0.855122
0.731203
0.52
0.41
0.48
0.15
0.1
0.91
0.11
0.8
0.76
0.25
0.0558219
0.645804
0.862174
0.574865
0.144903
0.334904
1.00927
0.354891
0.77362
0.890759
0.345186
0.226305
0.256294
0.159827
0.568983
0.345441
0.635122
1.02502
0.62
0.68
1
0.35
0.16
0
0.81
0.06
0.49
0.35
0.655804
0.675798
0.294734
0.757116
0.934912
0.984912
1.04483
0.764856
0.120892
0.220478
0.871383
0.656289
0.738201
0.301013
0.137396
0.785425
0.185105
0.825122
0.49
0.7
0.61
0.69
0.13
0.36
0.15
0.81
0.1
0.77
-0.00407442
0.366149
0.716151
0.57729
0.548754
0.544852
0.32485
1.0436
0.699173
0.420723
0.513519
0.758078
0.490954
0.633082
0.455195
0.555306
1.04502
0.404084
0.25
0.15
0.04
0.86
0.79
0.07
0.22
0.79
0.87
0.76
0.296147
0.726151
0.0961891
0.790349
0.580041
0.360083
0.670052
0.139907
0.495762
0.155653
0.431553
0.116319
0.0459422
0.0301007
0.370089
0.150013
0.68
0.6
0.64
0.96
0.5
0.26
0.59
0.43
0.54
0.09
0.92
0.749993
0.326002
0.536151
0.946151
0.589905
0.29234
0.820098
0.798861
0.867915
0.799522
0.39088
0.0621647
0.00594687
0.585902
0.39013
0.0899703
0.91
0.97
0.63
0.64
0.23
0.58
0.36
0.47
0.91
0.46
0.46
0.15
0.490045
0.647534
0.0358615
0.286003
0.827838
0.386946
0.240127
0.846124
0.615711
0.550431
-0.0350391
0.425948
0.245951
0.585902
0.849922
0.358407
0.38
0.27
0.05
0.25
0.58
0.11
0.64
0.67
0.89
0.37
0.2
0.35
0.560032
0.294531
0.805848
0.155864
0.075861
-0.0441386
0.702831
-0.00861218
0.821458
0.0415229
0.793262
0.595859
0.0159073
0.0978702
0.158411
0.98
0.8
0.23
0.28
0.67
0.97
0.66
0.82
0.79
0.74
0.3
0.6
0.23
0.830007
0.730044
0.344531
0.285839
0.915804
0.275818
0.924568
0.798398
0.0611936
0.331186
0.475571
0.795553
0.306315
0.76
0.81
1
0.69
0.36
0.36
0.35
0.77
0.36
0.05
0.92
0.59
0.8
0.61
0.35
0.24
0.94
0.54
0.414491
0.275818
0.175826
0.301846
0.781417
0.181441
0.231441
0.875804
0.477918
0.28
0.81
0.77
0.14
0.04
0.79
0.69
0.46
0.85
0.86
0.06
0.96
0.49
0.33
0.92
0.89
0.25
0.87
0.9
0.03
1
0.54
0.98575
0.745614
0.0456146
0.687403
0.57
0.52
0.95
0.16
0.41
0.1
0.17
0.76
0.18
0.52
0.31
0.75
0.43
0.51
0.17
0.24
0.96
0.05
0.78
0.95
0.58
0.03
0.61
0.51
0.827933
0.915613
0.357403
0.23
0.27
0.75
0.24
0.53
0.23
0.85
0.57
0.15
0.58
0.22
0.45
0.93
0.25
0.09
1
0.38
0.02
0.92
0.13
0.13
0.28
0.42
0.34
0.57
0.32
0.6
0.03
0.88
0.36
0.71
0.52
0.82
0.95
0.69
0.36
0.84
0.81
0.88
0.07
0.94
0.84
0.82
0.26
0.27
0.15
0.95
0.84
1
0.52
0.26
0.79
0.8
0.38
0.96
0.83
0.86
0.01
0.2
0.58
0.33
0.81
0.87
0.78
0.25
0.97
0.92
0.59
0.76
0.1
0.67
