0.24
0.66
0.21
0.33
0.82
0.46
0.93
0.45
0.44
0.77
0.8
0.06
0.51
0.46
0.53
0.4
0.44
0.46
0.59
0.9
0.86
0.73
0.79
0.98
0.19
0.21
0.91
0.6
0.46
0
0.13
0.35
0.69
0.28
0.31
0.4
0.3
0.27
0.23
0.81
0.74
0.45
0.688265
0.566368
0.614353
0.05
0.07
0.23
0.44
0.18
0.94
0.05
1
0.38
0.32
0.04
0.53
0.45
0.31
0.54
0.03
0.64609
0.514973
0.579901
-0.0300985
0.499901
0.779901
-0.0700985
0.821624
0.581382
0.950169
1.14879
0.921908
0.377167
0.494973
0.834786
0.64
0.19
0.22
0.3
0.48
0.23
0.94
0.03
0.79
0.42
0.78
0.74
0.65
-0.136185
0.223676
-0.378879
-0.398794
-0.635128
0.261165
0.249208
0.33444
0.404981
0.698538
0.0425248
0.166526
0.139307
-0.605093
-0.0625559
-0.174664
0.25
1
0.88
0.87
0.1
0.94
0.35
0.55
0.28
0.59
0.62
0.76
0.497252
0.125383
-0.0899784
-0.125141
-0.364053
0.647267
0.774806
0.562386
0.308083
0.939434
1.08263
0.484007
-0.237377
-0.287339
0.140071
-0.322035
0.19619
0.58
0.52
0.65
0.08
0.67
0.36
0.06
0.75
0.39
0.37
0.55
0.565538
-0.0708092
-0.252021
0.243213
0.410916
0.509332
0.548254
0.800978
1.07182
0.35295
0.246733
0.713897
0.650557
0.41656
0.226418
0.413789
-0.0962751
0.86
0.21
0.82
0.38
0.26
1
0.51
0.44
0.14
0.23
0.92
0.215273
0.729968
0.930129
0.772917
0.781777
1.22673
1.37602
0.855213
0.977134
0.284695
0.756273
0.925204
0.932279
0.00257537
0.292602
0.144973
0.0765425
0.28
0.96
0.03
0.14
0.42
0.69
0.26
0.49
0.89
0.19
0.27
0.078409
0.714154
0.658848
0.851599
0.92369
1.46254
0.929022
1.2354
0.560987
0.676836
0.0035818
0.447103
0.323413
0.224121
0.45726
0.0898945
-0.100099
0.15
0.13
0.67
0.95
0.77
0.52
0.2
0.89
0.87
0.08
0.98
0.639847
1.16483
1.10354
0.830678
1.04454
1.09869
0.853153
0.301788
0.634421
0.426725
0.534686
0.385731
-0.0475035
-0.115842
-0.384897
0.927711
0.298883
0.45
0.17
0.89
0.08
0.29
0.88
0.37
0.99
0.39
0.18
0.57
0.842264
1.64912
1.38458
1.51611
1.09785
0.567915
0.525993
0.25126
0.166726
0.306724
0.693374
0.164152
0.423001
-0.165842
0.104553
0.378081
0.14
0.72
0.9
0.84
0.02
0.44
0.55
0.65
0.09
0.22
0.51
0.953797
1.08017
1.43304
1.49611
1.41234
1.46786
1.46669
1.09321
1.24127
0.898305
0.736874
0.130281
-0.276385
-0.384516
-0.240092
0.713088
0.927726
0.37
0.11
0.1
0.31
0.33
0.17
0.15
0.18
0.09
0.58
0.49
1.01117
1.28755
1.39385
1.36422
1.26826
1.59748
1.58329
1.26551
0.738037
0.899608
0.845208
-0.00935679
-0.0503032
-0.574586
-0.44136
0.639356
0.6984
0.848843
0.21
0.59
0.2
0.01
0.15
0.54
0.21
0.6
0.82
1
1.14536
0.954584
1.06271
1.47606
1.70937
1.2256
1.34551
1.21702
1.24644
0.457775
0.614725
0.31786
0.226986
0.160678
0.522448
0.360937
0.980955
0.6484
0.23
0.45
0.05
0.59
0.79
0.29
0.73
0.84
0.8
0.13
0.994945
0.893195
0.900953
1.365
0.693817
0.589849
0.293472
1.47583
1.2212
0.75831
0.875423
0.651652
0.283948
0.867669
1.24949
0.352229
0.42104
1.03005
0.428816
0.66
0.4
0.56
0.42
0.79
0.77
0.6
0.21
0.85
0.155657
0.31726
0.557263
0.785055
0.657006
0.354828
0.522917
0.781079
1.19349
1.362
1.13958
0.757847
0.627021
0.628078
1.23011
0.799357
0.959537
0.369972
0.9884
0.12
0.68
0.92
0.67
0.65
0.05
0.6
0.5
0.32
0.221468
0.621153
0.261148
0.67845
0.885092
1.33902
0.668925
0.37323
0.453092
0.597415
0.606012
0.876002
1.2584
1.67302
1.00112
0.937121
0.299455
0.419972
0.229979
0.53
0.71
0.11
0.6
0.53
0.18
0.02
0.56
0.26
0.869867
0.831153
0.956992
0.30085
1.30116
0.348931
0.598926
0.583087
0.453208
1.08591
0.641002
0.636598
0.818393
1.07825
0.892349
0.929417
0.699455
0.379972
0.679968
0.47
0.7
0.04
0.39
0.8
0.55
0.05
0.6
0.86
0.11
0.989273
0.51971
0.552443
0.758848
0.62004
1.06064
1.22981
1.38855
0.637888
0.862363
0.631533
0.694803
1.19141
0.931163
0.939693
0.30689
0.669968
0.629638
0.93
0.29
0.17
0.87
0.88
0.33
0.18
0.12
0.24
0.22
0.450161
0.232433
0.0224252
0.524749
1.09099
0.775564
0.906836
1.36008
0.152603
-0.0467336
0.696689
0.717505
1.05945
0.153784
0.38972
0.258415
0.63
0.13
0.91
0.53
0.49
0.4
0.72
0.22
0.03
0.64
0.58
0.305838
0.559188
0.422434
0.382434
0.236465
0.597135
0.794986
0.693251
0.433473
0.554877
-0.0403049
0.706222
0.381855
1.1423
0.74506
0.617155
0.51
0.49
0.51
0.93
0.45
0.36
0.85
0.68
0.85
0.16
0.17
0.99
0.816648
0.571145
0.162948
0.879188
0.820632
0.454224
0.424982
1.35585
1.09419
0.633158
0.71705
0.41317
0.635977
1.0423
0.898037
0.926594
0.31
0.18
0.75
0.45
0.92
0.37
0.54
0.69
0.62
0.85
0.61
0.72
0.665725
0.552415
0.442952
0.982956
0.202948
0.352952
0.976813
1.54282
1.14007
0.7493
0.29381
0.244091
1.00315
0.554109
0.107794
0.29
0.93
0
0.71
0.53
0.41
0.09
0.13
0.08
0.33
0.41
0.7
0.22
0.283064
0.345262
0.712414
0.598966
0.157685
0.133775
1.0134
1.11129
1.5751
1.01586
-0.0941098
0.318731
0.939961
0.279613
0.659611
1
0.86
0.16
0.38
0.77
0.47
1
0.29
0.54
0.53
0.52
0.23
0.61
0.47
0.39
0.73
0.45715
0.167685
0.312663
0.547434
1.35353
0.903528
0.861738
0.862983
0.876065
0.529281
0.219613
0.30424
0.7
0.44
0.16
0.3
0.03
0.1
0.17
0.09
0.91
0.54
0.76
0.31
0.93
0.44
0.8
0.88
0.67
0.56
0.903483
1.29714
1.02584
0.634819
0.632888
0.95
0.8
0.06
0.21
0.98
0.25
0.19
0.44
0.19
0.51
0.95
0.06
0.67
0.01
0.71
0.1
0.97
0.7
0.53
0.31
0.6
0.46
0.63
0.04
0.39044
1.10594
1.04289
0.6
0.49
0.67
0.76
1
0.12
0.07
0.83
0.41
0.8
0.66
0.68
0.5
0
0.51
0.29
0.91
0.5
0.18
0.82
0.34
0.45
0.03
0.62
0.88
0.71
0.32
0.27
0.29
0.95
0.38
0.16
0.37
0.05
0.97
0.89
0.62
0.98
0.84
0.08
0.56
0.58
0.2
0.54
0.32
0.33
0.34
0.38
0.94
0.1
0.78
0.86
0.88
0.51
0.85
0.15
0.88
0.76
0.5
0.78
0.06
0.14
0.59
0.19
0.92
0.18
0.57
0.49
0.9
0.8
0.42
