0.96
0.27
0.91
0.25
0.55
0.97
0.07
0.38
0.32
0.87
0.21
0.13
0.37
0.04
0.92
0.63
0.38
0.68
0.33
0.64
0.7
0.7
0.89
0.91
0.62
0.13
0.84
0.28
0.37
0.21
0.26
0.4
0.27
0.88
0.36
0.77
0.609751
0.579345
0.0692695
0.33927
0.519258
0.0892695
0.735311
0.125403
0.73782
1
0.09
0.37
0.35
1
0.17
0.1
0.43
0.84
0.57
0.67
0.15
0.49
0.83
0.05
0.33
0.122393
1.11601
0.936577
0.756488
1.28652
0.706488
0.936489
0.77173
1.2829
0.771811
0.877914
0.937263
0.496953
0.396163
1.09317
0.99
0.79
0.42
0.09
0.27
0.57
0.59
0.17
0.33
0.67
0.37
0.15
0.01
0.324433
0.611797
1.22629
0.949067
0.98025
1.19171
0.798
0.763477
0.873173
0.683702
0.939538
0.893328
1.50167
0.951761
1.16162
0.770728
0.78
1
0.62
0.19
0.96
0.74
0.82
0.7
0.86
0.48
0.82
0.75
0.828581
0.321098
0.619205
0.681717
1.21187
1.24305
1.34249
1.45801
1.74732
1.47012
1.02865
1.40891
0.744815
0.824442
1.38467
1.15103
0.330642
0.7
0.09
0.38
0.3
0.45
0.25
0.95
0.84
0.91
0.06
0.09
0.899318
0.833904
0.937349
0.772458
0.606071
-0.634175
-0.476705
-0.666039
-0.358674
-0.713111
-0.50225
-0.268443
0.936644
1.32012
1.23758
1.2587
0.621728
0.53
0.89
0.7
0.05
0.95
0.1
0.72
0.71
0.72
0.99
0.8
0.771817
0.459367
0.0764075
-0.610344
-0.523002
-1.15915
-1.08983
-0.396795
-0.457776
-0.897486
-0.768681
-1.09673
-0.886095
0.866689
1.51661
1.12889
0.643351
0.7
0.59
0.99
0.65
0.67
0.59
0.92
0.67
0.24
0.74
0.31
0.156877
0.141673
-1.13305
-0.715934
-1.14681
-0.366409
-1.01372
-0.479381
-0.332102
-0.978016
-0.594644
-0.466139
-0.384692
-0.65297
1.32466
0.524755
1.10723
0.71
0.42
0.14
0.44
0.16
0.1
0.73
0.24
0.73
0.31
0.23
0.218781
0.581609
-1.27986
-0.789869
-1.05703
-0.505792
0.244047
0.431605
0.819065
0.31927
-0.534598
-0.807891
-0.114461
-0.747829
1.30628
1.01128
0.553774
0.56
0.32
0.75
0.87
0.59
0.97
0.88
0.59
0.31
0.62
0.2
0.866676
-1.13035
-0.960285
-0.770569
-1.04306
0.4586
0.321605
0.309078
0.28927
-0.000730398
-0.386089
-1.09996
-0.00824302
-0.687832
0.798402
0.670363
0.81
0.26
0.65
0.03
0.14
0.14
0.8
0.66
0.88
0.25
0.11
0.296051
0.909223
-0.802883
-0.650132
-0.687542
-0.237275
0.67615
1.03062
0.195961
0.62607
0.603581
-1.05846
-0.740169
-0.67367
-0.14347
0.685698
0.973596
1
0.93
0.2
0.99
0.26
0.89
0
0.82
0.77
0.99
0.18
0.639409
1.06649
0.502167
-0.6628
-0.130567
1.04797
0.441326
0.211514
0.347051
-0.627739
-0.576164
-0.391845
-0.597768
0.0966054
1.37252
0.67575
0.816863
0.340154
0.13
0.03
0.03
0.67
0.22
0.68
0.39
0.73
0.26
0.18
0.783575
0.849723
0.794045
0.723487
0.845407
1.06555
0.231514
-0.311754
-0.628813
-0.615492
-0.747034
-0.845681
-0.382047
0.215988
1.59279
1.19298
0.142934
0.277232
0.38
0.77
0.13
0.16
0.83
0.92
0.95
0.99
0.35
0.78
0.794488
0.409812
0.786147
0.508376
0.190134
0.865972
-0.309961
-1.03811
-0.874754
-0.704751
-1.23789
-0.274557
0.666662
1.08082
0.682046
0.50465
0.615719
1.03942
0.0701542
0.62
0.04
0.36
0.55
0.65
0.7
0.06
0.01
0.28
0.107026
0.288391
0.688399
0.453359
0.572269
-0.118705
-1.06568
-1.3513
-0.629562
-0.582528
0.0246746
0.817104
0.690576
1.09689
1.25216
0.972059
0.938516
0.879355
0.947585
0.79
0.04
0.58
0.23
0.98
0.82
0.44
0.36
0.76
0.176046
0.686737
0.516736
0.06067
-0.18611
-1.12388
-0.813856
-0.627363
-0.101408
0.419878
1.05344
1.50864
1.45774
0.8431
1.13496
0.525848
0.258532
0.649355
0.489819
0.09
0.8
0.15
0.89
0.89
0.61
0.52
0.2
0.32
0.542946
0.796737
0.534289
-1.26788
-1.18564
-1.13388
-1.24388
-0.601433
0.385357
0.489189
0.958399
1.12391
1.56769
1.2273
1.04194
1.15648
1.01854
0.579355
0.0993892
0.71
0.22
0.27
0.87
0.1
0.27
0.1
0.35
0.28
0.79
-0.336788
-1.12384
-0.466529
-1.03186
-1.31896
0.086201
0.209111
0.962121
0.475674
1.46641
1.17809
1.27119
0.625212
0.462886
0.784898
0.777747
0.669355
0.626688
0.95
0.62
0.58
0.77
0.89
0.04
0.59
0.36
0.16
0.97
-0.756896
-0.576529
-0.966524
-1.02701
0.199132
0.332685
-1.0133
-0.446856
-0.167566
-0.735027
-0.50936
-0.450247
-0.749314
0.491841
0.925132
0.80204
0.25927
0.879258
0.35
0.98
0.39
0.4
0.34
0.56
0.07
0.93
0.42
-0.38245
-0.773726
-1.04669
-0.607184
-1.06248
-0.763537
-0.731698
-1.05526
-0.369839
-0.127006
0.0313762
-0.735181
-0.482644
-1.28057
-0.90412
0.11435
0.45927
0.42927
0.799258
0.289722
0.34
0.32
0.76
0.47
0.43
0.43
0.32
0.83
-1.20536
-0.57696
-0.776345
-1.08444
-0.618542
-0.696193
-1.24177
-0.91894
-0.926791
-0.600882
0.187287
-0.962749
-1.01546
-1.14058
-0.191607
0.145935
0.789279
0.749258
0.0792695
0.969279
0.92
0.94
0.85
0.09
0.64
0.66
0.44
0.25
-0.599238
-1.24712
-0.586023
-1.1364
-0.786433
-1.1064
-0.787708
-0.830398
0.197812
1.49437
1.32441
1.17279
0.836538
0.731996
0.092404
0.939258
0.899258
0.43927
0.17927
0.679258
0.25
0.29
0.66
0.86
0.83
0.13
0.76
0.79
-0.624083
-0.886175
-0.587124
0.134515
0.470486
0.602872
0.942789
0.574735
0.984762
1.25526
0.595886
0.371072
0.458037
0.589258
0.909258
0.15927
0.22927
0.0392693
0.569258
0.639258
0.64
0.33
0.96
0.27
0.4
0.04
0.59
0.83
0.53
0.64
0.97
0.469052
0.400486
1.05666
1.22713
0.739143
0.969144
1.20569
0.881841
0.385178
0.509065
0.899258
0.899258
0.17927
0.789258
0.11927
0.639258
-0.00043268
0.96
0.56
0.72
0.71
0.73
0.37
0.07
0.42
0.25
0.94
0.14
0.36
0.87
0.913988
1.24799
1.08866
1.0252
0.0526832
0.98
0.69
0.43
0.59
0.68
0.72
0.68
0.05
0.01
0.06
0.87
0.49
0.77
0.18
0.72
0.83
0.09
0.17
0.12
0.36
0.94
0.08
0.96
0.49
0.540086
0.261421
0.59269
0.23
0.17
0.78
0.04
0.96
0.67
0.35
0.2
0.05
0.19
0.3
0.39
0.34
0.6
0.25
0.7
0.08
0.09
0.35
0.7
0.97
0.09
0.56
0.83
0.23
0.44
0.29
0.47
0.17
0.74
1
0.88
0.08
0.82
0.28
0.37
0.67
0.76
0.14
0.11
0.42
0.77
0.71
0.87
0.05
0.89
0.05
0.08
0.86
0.04
0.38
0.77
0.47
0.77
0.54
0.04
0.48
0.04
0.19
0.92
0.66
0.13
0.33
0.91
0.49
0.04
0.77
0.68
0.96
0.77
0.91
