0.65
0.12
0.68
0.04
0.93
0.22
0.09
0.37
0.79
0.13
0.81
0.31
0.99
0.97
0.25
0.45
0.22
0.18
0.24
0.19
0.62
0.22
0.71
0.59
0.52
0.93
0.66
0.03
0.08
0.93
0.55
0.89
0.13
0.72
0.66
0.74
0.81
0.49
0.43
0.97
0.27
0.02
0.37
0.54
0.26
0.23
0.07
0.9
0.5
0.56
0.43
0.77
0.89
0.81
0.97
0.38
0.98
0.81
0.37
1
0.47
0.149999
0.0499964
0.159997
0.969998
0.909998
0.609998
0.689999
0.715506
0.131231
0.865505
0.699998
0.220001
0.789998
0.699999
0.309999
0.4
0.68
0.01
0.06
0.48
0.6
0.12
0.28
0.2
0.95
0.89
0.81
0.91
0.969998
0.749998
0.429997
0.879998
0.959999
0.961621
0.433067
0.224892
0.174895
0.486933
0.615505
0.709998
0.289997
0.919998
0.689998
0.779999
0.01
0.78
0.12
0.38
0.07
0.29
0.29
0.53
0.73
0.47
0.04
0.91
-2.32687e-006
0.619998
0.93005
0.44164
0.551775
0.750839
0.520253
0.030248
0.630253
0.830253
0.892297
0.701452
0.1281
0.660029
0.74004
0.55005
0.279999
0.52
0.84
0.68
0.82
0.29
0.12
0.73
0.38
0.14
0.54
0.52
0.620045
0.110009
-0.00837064
0.557254
0.920546
0.750241
0.0702212
0.79024
0.310229
0.720241
0.170225
0.482269
0.630861
0.927683
0.340017
0.360015
0.539998
0.71
0.51
0.09
0.97
0.75
0.17
0.89
0.5
0.39
0.97
0.93
0.06001
0.970031
0.70915
0.120213
0.910238
0.890239
0.490229
0.136782
0.494697
0.620239
0.380227
-0.0197902
0.112256
0.280831
0.0978187
0.830047
0.929998
0.38
0.8
0.76
0.01
0.47
0
0.53
0.52
0.32
0.79
0.09
0.0200104
0.342145
0.25052
0.110212
0.450227
0.106762
0.977217
0.229983
0.319982
0.169336
0.534731
0.391521
0.720205
-0.0377614
0.0154748
0.208238
0.0699966
0.34
0.6
0.4
0.18
0.66
0.06
0.69
0.36
0.88
0.69
0.76
0.471644
0.85478
0.0302166
0.700239
0.46269
0.119835
0.33999
0.52
0.05
0.71
0.0193424
0.414731
0.110349
0.310203
0.535325
0.275471
0.809999
0.38
0.22
0.25
0.1
0.12
0.37
0.29
0.23
0.12
0.32
0.24
0.791025
0.25023
0.160227
0.190227
0.895221
0.400001
0.24
0.87
0.09
0.54
0.739986
0.0148645
0.122674
0.680203
0.0753301
0.41723
0.81
0.58
0.91
0.01
0.01
1
0.26
0.6
0.74
0.78
0.45
0.21
0.404895
0.730207
0.880239
0.676803
0.690023
0.0200195
0.600031
0.750031
0.100021
0.640027
0.25
0.184884
0.23488
0.614916
0.730039
0.72005
0.52
0.32
0.58
0.74
0.43
0.76
0.06
0.15
0.31
0.69
0.13
0.110008
0.234899
0.640216
0.920244
0.685351
0.098263
0.170013
0.610031
0.450017
0.850018
0.980015
0.530015
0.714911
0.79491
0.0249006
0.210005
0.390016
0.970053
0.6
0.08
0.51
1
0.42
0.98
0.42
0.58
0.63
0.6
0.160004
0.184899
0.85037
0.350245
0.285349
0.415496
0.210013
0.500025
0.400004
0.25
0.0199905
0.620015
0.184886
0.184893
0.384912
0.460017
7.86875e-006
0.370017
0.35
0.78
0.08
0.9
0.96
0.96
0.26
0.89
0.56
0.4
0.53
0.834895
-0.0472914
0.850221
0.495329
0.455329
0.948234
0.299982
0.269983
0.809983
0.309983
0.769988
0.0548995
0.444892
0.404911
0.270019
0.27002
0.300019
0.730053
0.77
0.67
0.08
0.5
0.5
0.07
0.33
0.99
0.17
0.9
0.814894
0.834894
0.280397
0.455348
0.17534
0.11546
0.0986628
0.305896
0.0153097
0.545319
0.865325
0.860806
0.733132
-0.0451005
0.240011
0.0400131
0.140008
0.980037
0.94
0.72
0.61
0.68
0.81
0.98
0.49
0.27
1
0.1
0.0348959
0.0148959
0.882731
0.145333
0.0753169
0.235327
0.465622
0.635348
0.23535
0.485348
0.0269648
0.490244
0.650253
0.080825
0.768271
0.910031
0.980031
0.410019
0.77
0.9
0.49
0.28
0.85
0.7
0.86
0.76
0.48
0.1
0.384894
0.314891
-0.065126
0.415478
0.995344
0.0753155
0.165335
0.335349
0.435349
0.215352
0.686383
0.360242
0.190243
-0.0497575
0.505508
0.930031
0.910031
0.130008
0.59
0.33
0.36
0.21
0.84
0.7
0.19
0.91
0.41
0.36
0.884891
0.384878
0.244874
0.0477716
0.0353055
0.845349
0.615359
0.0353466
0.527262
0.990029
0.912724
0.510252
0.300244
0.346794
0.86536
0.200009
0.770031
0.78005
0.4
0.62
0.64
0.64
0.64
0.95
0.83
0.24
0.22
0.56
0.81488
0.374879
0.434876
0.199978
0.365321
0.935325
0.105312
0.978226
0.519982
0.979982
0.454874
0.0835513
0.000203728
0.335325
0.875327
0.14
0.65
0.11
0.44
0.13
0.22
0.96
0.82
0.26
1
0.09
0.97
0.129996
0.734878
0.204874
0.574878
0.425468
0.0254492
-0.00469237
0.445313
0.745459
0.778224
0.280284
0.870791
0.760206
0.740205
0.845313
0.415329
0.74
0.28
0.33
0.08
0.09
0.96
0.98
0.11
0.43
0.56
0.2
0.34
0.469983
0.366914
0.774876
0.754878
0.516921
0.263273
0.705313
0.885312
0.865311
0.386937
0.594295
0.560205
0.830206
0.430206
0.885319
0.637231
0.57
0.74
0.49
0.5
0.35
0.64
0.7
0.02
0.52
0.22
0.06
0.98
0.909985
0.799361
0.264875
0.614877
0.734877
0.244871
0.482679
0.360205
0.110221
0.520221
0.130238
0.420226
0.640222
0.766788
0.387233
0.56
0.11
0.88
0.96
0.9
0.1
0.65
0.15
0.53
0.93
0.52
0.62
0.54
0.319992
0.979984
0.559361
0.644885
-0.0551052
0.294893
0.204891
0.722691
0.76022
0.280222
0.560221
0.920221
0.838691
0.97
0.18
0.88
0.46
0.81
0.88
0.54
0.68
0.08
0.47
0.07
0.79
0.22
0.02
0.18
0.29
0.25
0.02
0.969377
0.584893
0.924891
0.724891
-0.015104
0.344892
0.434893
0.384893
0.941459
0.93
0.069999
0.38
0.35
0.53
0.42
0.35
0.76
0.71
0.03
0.26
0.59
0.89
0.77
0.39
0.76
0.93
0.49
0.53
0.3
0.89
0.93
0.839998
0.259998
0.36
0.0500036
0.62
0.63
0.18
0.27
0.42
0.27
0.05
0.03
0.9
0.18
0.01
0.07
0.44
0.94
0.99
0.79
0.82
0.64
0.1
0.8
0.87
0.38
0.36
0.41
0.47
0.160005
0.0400048
0.28
0.71
0.36
0.32
0.67
0.35
0.21
0.23
0.86
0.74
0.35
0.55
0.16
0.23
0.72
0.58
0.76
0.89
0.6
0.85
0.43
0.31
0.18
0.44
0.64
0.48
0.15
0.21
0.31
0.43
0.41
0.92
0.09
0.6
0.09
0.88
0.92
0.1
0.04
0.49
0.58
0.14
0.43
0.31
0.74
0.53
0.38
0.94
0.33
0.43
0.75
0.66
0.08
0.3
0.66
0.07
0.91
0.95
0.44
0.75
0.87
0.37
0.54
0.78
0.42
0.76
0.52
0.83
0.67
0.9
0.29
