0.92
0.9
0.38
0.81
0.93
0.38
0
0.47
0.83
0.89
0.57
0.5
0.78
0.94
0.72
0.62
0.65
0.46
0.6
0.52
0.01
0.79
0.06
0.22
0.85
0.85
0.46
0.51
0.38
0.74
0
0.26
0.28
0.84
0.76
0.5
0.38
0.65
0.52
0.19
0.93
0.54
0.407885
0.718694
0.00384609
0.41
0.61
0.56
0.28
0.64
0.34
0.93
0.67
0.03
0.63
0.33
0.67
0.58
0.98
0.62
0.27
0.711345
0.494165
0.274762
0.934763
0.244762
0.774763
0.884763
0.693547
-0.00997574
0.704164
-0.200647
0.00736541
0.694763
0.124165
0.171793
0.5
0.84
0.19
0.97
0.88
0.56
0.07
0.74
0.58
0.04
0.87
0.73
0.86
0.0740347
0.334361
0.267093
0.257818
0.861284
1.12536
0.238937
0.273019
0.895805
0.884189
0.074663
0.505879
1.07783
0.284693
0.744212
0.841605
0.29
0.84
0.26
0.55
0.04
0.68
0.96
0.49
0.84
0.89
0.57
0.46
0.0318402
0.214304
0.544393
1.19033
0.695265
0.742506
0.72604
0.634798
0.714457
0.484483
0.512574
0.655787
1.18299
0.952582
0.709679
0.050735
0.471576
0.28
0.24
0.77
0.44
0.33
0.55
0.08
0.65
0.34
0.65
0.56
0.357219
0.504516
0.318792
0.944675
1.08418
0.94155
1.15661
0.950603
0.306895
1.05988
1.07405
0.946152
0.668693
0.954081
0.972589
0.898424
0.264168
0.3
0.4
0.65
0.84
0.46
0.9
0.5
0.95
0.54
0.39
0.63
0.258023
0.207168
1.11401
1.17422
0.700574
0.774043
0.46406
0.943734
0.6773
0.790781
0.248791
0.836767
1.19212
0.699421
1.09371
0.291842
0.104433
0.55
0.71
0.06
0.44
0.04
0.48
0.9
0.02
0.77
0.19
0.93
0.70412
0.450687
0.992387
1.0943
0.436511
0.28655
0.412435
0.301453
0.569293
0.46402
0.110776
0.488336
1.26816
0.508985
0.592132
0.938682
0.124762
0.09
0.47
0.95
0
0.4
0.82
0.88
0.85
0.6
0.09
0.34
0.489815
0.259051
0.938467
0.864086
0.473789
0.0761448
-0.0111254
0.991992
0.0500038
0.41
0.751217
0.54038
1.09912
1.23289
0.32247
0.145585
0.27282
0.71
0.07
0.84
0.89
0.34
0.99
0.71
0.59
0.23
0.98
0.76
0.515202
0.453307
0.0733827
0.664036
0.851188
0.58526
0.111993
0.659999
0.89
0.92
0.854827
1.00997
0.82654
0.822908
0.992664
0.561406
0.96
0.93
0.82
0.89
0.97
0.39
0.01
0.56
0.22
0.03
0.78
0.187885
0.0165452
0.85401
0.45406
0.653695
0.478273
-0.0519144
0.591758
0.354575
0.197319
0.520771
0.524537
0.974121
1.34886
0.844199
1.23671
1.0094
0.44
0.16
0.6
0.62
0.59
0.44
0.01
0.06
0.08
0.06
0.04
0.10863
0.357517
-0.0251596
0.0210066
-0.070533
0.0723012
0.211763
0.0417596
0.622373
0.121671
0.607281
0.854261
1.27544
0.568874
0.888355
0.898912
1.01412
0.216581
0.67
0.88
0.76
0.82
0.99
0.75
0.66
0.97
0.92
0.75
-0.157389
0.554137
0.446008
0.142092
0.293631
0.33262
0.0317596
0.744541
0.696468
0.379258
0.62914
0.260146
0.973158
0.52084
1.13236
0.413042
0.877569
0.10412
0.25
0.89
0.25
0.24
0.41
0.24
0.52
0.01
0.88
0.42
0.732828
0.125169
-0.0995607
-0.065487
0.819503
0.301199
0.654597
0.0251832
0.69512
-0.0948807
0.577729
0.747392
-0.0206364
0.956465
0.869295
0.510982
0.968285
0.217168
0.346581
0.14
0.14
0.43
0.38
0.44
0.21
0.77
0.06
0.39
0.189673
0.390582
0.830567
0.398871
0.376846
0.36942
0.917017
0.76971
-0.144418
0.35698
-0.0868212
0.000758626
0.73925
0.0418674
0.79912
1.11143
1.10415
0.337168
1.01412
0.31
0.05
0.7
0.25
0.35
0.46
0.32
0.4
0.39
0.490338
0.850562
0.180571
0.197904
0.571958
1.15958
0.449562
0.838854
0.962456
0.668673
0.0935073
0.602012
0.447832
0.118297
0.614501
0.68903
1.26413
0.817168
0.697168
0.83
0.08
0.96
0.93
0.44
0.04
0.93
0.35
0.21
0.665032
0.770562
0.507659
0.933021
1.12924
0.849554
0.289557
0.762456
0.730918
0.828635
0.11793
0.0131335
-0.0421692
1.01682
0.6459
0.491306
0.784149
0.517168
0.397168
0.31
0.08
0.38
0.47
0.44
0.35
0.87
0.27
0.64
0.93
1.01979
0.530135
0.897407
1.0793
0.827848
0.677994
0.610254
0.266251
0.00224317
0.125738
0.641902
0.862168
1.0483
0.501201
0.675339
1.03962
1.01717
0.567539
0.95
0.12
0.07
0.54
0.02
0.33
0.25
0.65
0.5
0.77
0.888252
0.397405
0.567395
0.587497
1.094
1.03526
0.281099
0.54812
0.42285
-0.0599022
0.162787
1.03062
0.317334
0.390958
1.08817
0.795838
0.57
0.49
0.87
0.55
0.58
0.96
0.46
0.1
0.09
0.97
0.55
0.027089
0.488418
0.477397
0.957406
0.426282
0.498343
0.698701
0.616585
0.81685
0.050281
0.254325
0.590925
0.569266
0.618588
1.0168
0.683647
0.8
0.72
0.78
0.79
0.45
0.27
0.29
0.67
0.01
0.71
0.18
0.38
0.494828
0.328856
0.460421
1.17844
0.325839
0.761565
0.408696
0.719274
0.230608
0.13235
0.215036
0.421825
1.23493
0.418595
0.259485
0.382479
0.86
0.07
0.58
0.44
0.31
0.29
0.39
0.96
0.03
0.37
0.32
0.22
0.0686237
1.064
0.140424
0.370421
0.770427
0.220427
1.09702
0.908716
0.812142
0.497634
0.310174
0.998745
0.398083
0.221457
0.0166212
0.88
0.26
0.01
0.8
0.72
0.38
0.45
0.3
0.66
0.12
0.48
0.01
0.6
0.938487
0.54053
0.21401
0.795741
0.3399
0.491245
0.632247
0.594524
0.0652495
0.59065
0.301658
0.107412
0.396188
0.13
0.14
0.2
0.45
0.36
0.48
0.8
0.11
0.55
0.52
0.55
0.98
0.4
0.23
0.28
0.4
0.74
0.11
0.76348
0.599898
0.484065
0.483292
-0.180746
-0.180746
-0.142688
0.0999041
0.0395561
0.300017
0.68
0.56
0.42
0.72
0.79
0.79
0.16
0.73
0.55
0.95
0.95
0.49
0.21
0.7
0.9
0.03
0.83
0.7
0.43
0.38
0.392242
0.0573653
0.399353
0.147412
0.378758
0.74
0.44
0.77
0.18
0.55
0.82
0.42
0.14
0.07
0.7
0.38
0.54
0.54
0.64
0.41
0.57
0.59
0.31
0.29
0.5
0.36
0.78
0.24
0.97
0.0698079
-0.0354085
0.588758
0.28
0.92
0.96
0.33
0.46
0.46
0.35
0.23
0.16
0.76
0.62
0.74
0.37
0.26
0.52
0.06
0.63
0.83
0.78
0.08
0.83
0.85
0.14
0.2
0.06
0.56
0.28
0.37
0.56
0.75
0.4
0.09
0.02
0.03
0.87
0.59
0.24
0.72
0.06
0.35
0.94
0.16
0.22
0.84
0.48
0.42
0.15
0.83
0.86
0.23
0.51
0.55
0.09
0.05
0.5
0.09
0.81
0.94
0.49
0.04
0.56
0.9
0.61
0.51
0.18
0.59
0.53
0
0.4
0.21
0.04
