0.65
0.69
0.1
0.37
0.68
0.97
0.19
0.17
0.76
0.85
0.91
0.49
0.77
0.07
0.96
1
0.17
0.66
0.7
0.42
0.88
0.42
0.41
0.49
0.99
0.19
0.54
0.75
0.66
0.67
0.56
0.09
0.58
0.19
0.25
0.24
0.22
0.66
0.61
0.9
0.75
0.12
0.589974
0.839891
0.509947
0.69
0.51
0.31
0.56
0.67
0.66
0.79
0.86
0.51
1
0.45
0.54
0.33
0.85
0.61
0.45
0.98
0.76
0.17
0.0600003
0.94
0.98
0.0500003
0.356628
0.873368
0.906548
0.509859
0.849863
0.46
0.0500003
0.13
0.55
0.46
0.02
0.56
0.4
0.17
0.18
0.08
0.57
0.54
0.03
0.51
0
0.46
0.63
0.100001
0.280002
0.780001
0.890003
0.108932
0.334435
0.364356
0.0754518
0.156479
0.47986
0.360002
0.740001
0.26
0.45
0.79
0.64
1
0.04
0.16
0.65
0.48
0.78
0.5
0.7
0.08
0.95
0.6
0.84
0.570252
0.400304
0.6123
0.0529963
0.269813
0.889726
0.719725
0.589726
0.0508272
0.985119
0.400225
0.840455
0.280354
0.450291
0.52
0.06
0.86
0.87
0.72
0.84
0.63
0.84
0.61
0.87
0.25
0.24
0.282707
0.390353
0.440395
0.987711
0.701434
0.069768
0.799694
0.909684
0.22968
0.22968
0.569731
0.65092
0.652029
0.807871
0.830455
0.487919
0.63
0.93
0.57
0.91
0.9
0.13
0.59
0.43
0.9
0.16
0.15
0.35
0.902876
1.0705
0.698036
0.819816
0.0897468
0.0596799
0.639683
0.814112
0.308506
0.639824
0.47985
0.899825
0.250973
0.201983
0.118647
0.727605
0.85
0.04
0.24
0.04
0.19
0.77
0.93
0.62
0.25
0.09
0.8
0.86
0.297919
0.218875
0.841405
0.849764
0.752071
0.0437304
0.804968
0.809818
0.679865
0.153256
0.883685
-0.0235435
0.469408
0.740473
0.40572
0.580549
0.0200003
0.09
0.32
0.82
1
0.61
0.07
0.01
0.75
0.56
0.3
0.39
0.987873
0.934394
0.269727
0.439709
0.629389
0.649049
0.239884
0.760001
0.92
0.22
-0.0167356
0.663685
0.61017
0.829374
0.674918
0.715717
0.2
0.24
0.56
0.64
0.58
0.15
0.05
0.1
0.8
0.23
0.67
0.4
-0.00218333
0.0471108
0.329709
0.159679
0.524365
0.779858
0.800001
0.78
0.2
0.87
0.169972
0.604454
-0.00734875
0.579374
0.944918
0.315158
0.06
0.05
0.96
0.32
0.28
0.83
0.49
0.84
0.7
0.74
0.61
0.15996
0.074352
0.0292413
0.0996788
0.354198
1.0303
0.720312
0.560311
0.170306
0.940333
0.910379
0.780412
0.654909
0.284921
1.04479
0.360356
0.370291
0.75
0.42
0.03
0.52
0.61
0.17
0.52
0.75
0.82
0.36
0.28
0.609875
0.614354
0.529246
0.30718
1.05523
0.920861
0.930311
0.450305
0.320292
0.140283
0.390294
0.100414
0.724909
0.624909
0.594951
0.940455
0.887942
0.170289
0.15
0.4
0.89
0.68
1
0.45
0.95
0.17
0.6
0.13
0.389861
0.0343348
0.84007
0.617142
0.0652379
0.446023
0.910311
0.180291
0.260295
0.32029
0.34029
0.600272
0.264779
0.584799
0.0648637
1.0605
0.120444
0.927942
0.12
0.61
0.59
0.97
0.23
0.68
0.54
0.7
0.74
0.61
0.789927
0.724354
0.502547
0.0393154
0.584918
0.334932
0.280536
0.999853
0.709818
0.579818
0.819818
0.829822
0.524352
0.454348
0.0521969
0.730456
0.640455
0.320447
0.59025
0.03
0.93
0.37
0.07
0.9
0.35
0.42
0.28
0.55
0.13
0.134471
0.634494
0.202898
0.895241
0.125368
0.156039
0.573028
0.147911
0.204764
0.424768
0.194796
0.932433
0.414906
0.354405
1.03799
0.290447
0.630453
0.787942
0.79
0.27
0.16
0.47
0.32
0.41
0.23
0.43
0.55
0.56
0.21447
0.00447297
0.143009
0.94532
1.00537
0.845329
0.746918
0.725329
0.915341
1.03527
0.445187
0.399726
0.289726
0.85303
0.321006
0.990456
0.920453
1.0605
0.35
0.22
0.89
0.12
0.12
0.6
0.89
1
0.58
0.72
0.824494
0.864472
0.462345
0.0661307
0.535329
0.225347
0.955328
0.185373
1.00528
0.765231
0.873054
0.769724
0.109764
0.109849
0.456166
0.900455
0.960454
0.900454
0.48
0.14
0.36
0.12
0
0.21
0.87
0.38
0.17
0.95
0.214459
0.654452
0.364474
0.198174
0.152753
0.605333
0.705368
0.735344
0.755464
0.650313
0.0429813
0.829771
0.879867
0.18434
0.615371
0.220446
0.860453
0.817605
0.98
0.75
0.79
0.73
0.87
0.7
0.68
0.86
0.25
0.2
0.0644442
0.504454
0.0344483
0.929961
0.954886
0.25492
0.59487
0.0604095
0.80982
0.689818
0.00430858
0.717369
0.0893782
0.474912
0.894918
0.75
0.48
0.49
0.66
0.86
0.75
0.42
0.37
0.13
0.22
0.11
0.31
0.779978
0.554455
0.444474
0.684454
0.0465997
0.215693
0.404918
0.514852
0.765536
0.2904
0.892734
0.252466
-0.0206201
-0.0406195
0.664876
0.0149343
0.02
0.18
0.05
0.37
0.39
0.62
0.46
0.17
0.78
0.71
0.2
0.49
0.75995
0.745557
0.744454
0.804455
0.0155619
-0.00519686
0.144907
0.20478
0.324775
0.264725
0.651441
0.0993771
0.149374
0.179374
0.564887
0.925149
0.81
0.79
0.45
0.2
0.19
0.9
0.63
0.31
0.85
0.05
0.61
0.43
0.299985
0.323268
0.12444
0.604454
0.354471
0.914454
0.382675
0.339264
0.64924
0.109269
0.649319
0.419423
0.679413
0.603844
0.345157
0.16
0.26
0.76
0.51
0.95
0.94
1
0.38
0.42
0.44
0.44
0.5
0.13
0.949974
0.749959
0.843211
0.924463
0.22447
0.604494
0.00443406
0.762548
0.59927
-0.0407323
0.669411
0.469422
0.444133
0.11
0.14
0.79
0.31
0.56
0.66
0.21
0.46
0.68
0.88
0.4
0.52
0.02
0.82
0.73
0.29
0.08
0.82
0.68325
0.264488
0.124471
0.444358
-0.0256649
0.834354
0.944354
0.594494
0.748924
0.4
0.82
0.44
0.65
0.8
0.91
0.85
0.33
0.12
0.12
0.78
0.45
0.93
0.69
0.59
0.39
0.62
0.93
0.65
0.21
0.87
0.82
0.289862
0.909859
0.119863
0.259915
0.98
0.74
0.92
0.75
0.82
0.58
0.05
0.44
0.82
0.94
0.81
0.44
0.91
0.51
0.07
0.46
0.69
0.75
0.01
0.03
0.01
0.78
0.57
0.94
0.239932
0.869858
0.649906
0.19
0.83
0.79
0.43
0.21
0.68
0.59
0.12
0.51
0.44
0.51
0.29
0.39
0.92
0.31
0
0.94
0
0.1
0.75
0.06
0.61
0.15
0.69
0.08
0.11
0.4
0.42
0.51
0.91
0.24
0.6
0.46
0.88
0.62
0.37
0.7
0.39
0.94
0.55
0.91
0.58
0.24
0.07
0.66
0.47
0.87
0.22
0.69
0.39
0.45
0.29
0.64
0.82
0.61
0.22
0.83
0.41
0.63
0
0.45
0.06
0.4
0.69
0.01
0.5
0.04
0.22
0.14
0.61
0.43
