0.85
0.34
0.35
0.99
0.01
0.58
0.72
0.72
0.93
0.63
0.78
0.39
0.8
0.52
0.14
0.22
0.08
0.47
0.59
0.2
0.19
0.5
0.05
0.39
0.25
0.28
0.63
0.87
0.64
0.65
0.17
0.06
0.03
0.87
0.88
0.89
0.319317
0.268409
0.238184
0.448187
0.448187
0.778168
0.588168
0.758425
0.949271
0.26
0.9
0.43
0.98
0.26
0.35
0.58
0.2
0.44
0.15
0.9
0.56
0.04
0.61
0.77
0.86
0.35
0.869467
0.288409
0.158184
0.468187
0.428187
0.938472
0.0685839
0.208854
0.248731
0.119338
0.639357
0.000472786
0.850992
0.450424
0.51
0.33
0.63
0.41
0.16
0.26
0.56
1
0.27
0.71
0.76
0.03
0
0.989467
0.548286
0.588168
0.358187
0.0585122
0.526199
0.125316
0.441786
0.301785
0.137662
0.00872688
0.0593405
0.369352
0.139345
0.929522
0.229317
0.52
0
0.36
0.11
0.25
0.96
0.5
0.74
0.43
0.95
0.07
0.61
0.228354
0.738168
0.865691
0.262408
0.567961
0.770823
0.331938
0.251939
0.261076
0.760089
0.505973
0.335991
0.392575
0.649017
0.44626
0.64574
0.64
0.14
0.41
0.88
0.44
0.69
0.89
0.49
0.22
0.92
0.53
0.92
0.566299
1.06544
0.604921
0.886555
0.80138
0.131932
-0.0380696
0.841922
0.851453
0.379914
0.169508
0.126002
0.14707
0.223378
0.808976
0.744703
0.53
0.45
0.35
0.33
0.4
0.25
0.28
0.28
0.83
0.07
0.99
0.22
1.00856
0.377886
0.831789
0.651111
0.881923
0.731922
0.361551
0.747282
0.870084
0.160254
0.689073
0.689478
0.605976
0.727044
0.933082
1.02785
0.37
0.56
0.36
0.95
0.25
0.2
0.58
0.57
0.4
0.52
0.72
0.03
0.604754
0.993838
0.449479
0.340186
0.792125
0.288736
0.915119
0.220001
0.159318
0.280033
-0.109107
-0.0531803
0.0804143
-0.0837014
0.688151
0.853661
0.25
0.81
0.94
0.9
0.76
0.51
0.6
0.91
0.39
0.45
0.12
0.82
0.14311
0.839913
0.380128
0.140117
0.941648
0.729123
0.538169
0.0481848
0.178184
0.488187
-0.0700802
0.77089
0.19011
-0.17958
0.118042
0.0794867
0.05
0.89
0.05
0.68
0.58
0.84
0.92
0.62
0.96
0.56
0.03
0.31
0.130087
0.707161
0.50009
0.740091
0.208277
0.878168
0.0581848
0.398187
0.588168
0.728168
0.408189
-0.138977
0.405218
0.0204162
0.497935
0.796242
0.35
0.82
0.81
0.53
0.62
0.17
0.51
0.73
0.88
0.96
0.66
0.66
0.402434
0.491072
0.841057
0.266626
0.839018
0.257887
0.727881
0.657881
0.617881
0.548517
1.00973
0.382136
0.160376
-0.00852286
0.286533
0.927794
0.35
0.39
0.39
0.65
0
0.3
0.28
0.4
0.29
0.23
0.82
0.0199991
0.162433
-0.118927
0.898702
0.149497
0.59409
0.400231
0.4497
0.629711
0.989712
0.489702
0.329703
0.102137
0.121445
0.471487
0.669017
0.455985
0.277548
0.22
0.35
0.47
0.63
0.29
0.46
0.94
0.39
0.74
0.47
0.609999
0.562433
-0.0691993
0.0786391
0.519486
1.04921
1.04083
0.460161
0.459701
0.659713
0.109702
0.619712
-0.0875369
-0.00683826
0.831504
0.829017
0.489053
0.815671
0.07
0.96
0.5
0.11
0.96
0.44
0.52
0.92
0.49
0.86
0.39
0.0624327
0.466497
0.781083
0.909731
0.929775
0.374419
0.411167
0.750994
0.240615
0.630994
0.0211561
0.153593
0.283598
0.599511
0.699017
0.91855
0.477945
0.337548
0.1
0.37
0.02
0.1
0.71
0.21
0.86
0.9
0.97
0.44
-0.117566
0.642434
0.198951
0.886341
1.03948
0.276718
0.201128
0.108711
0.869776
0.249804
0.259803
0.661137
0.73681
0.353565
0.175446
0.637881
0.937881
0.436578
0.81
0.99
0.52
0.1
0.07
0.78
0.63
0.57
0.64
0.3
0.122434
0.282434
0.883678
0.89835
0.578364
0.149309
0.578947
0.949494
0.979493
1.02948
0.386544
0.71192
0.83192
0.230809
1.05159
0.577881
0.387886
0.988982
0.79
0.61
0.18
0.47
0.96
0.31
0.24
0.5
0.82
0.64
0.0524337
0.552434
0.449654
1.02907
0.549489
0.559489
0.599488
1.03948
0.889486
0.839486
0.139584
0.17193
0.741921
0.511921
0.467445
1.0079
0.837881
0.19794
0.42
0.86
0.84
0.79
0.75
0.04
0.82
0.05
0.19
0.33
-0.177566
0.162436
-0.0865166
0.545203
0.10671
0.369506
0.409505
0.47919
0.334844
0.52971
0.0967471
0.841921
0.571921
0.238431
0.208643
0.657881
1.0579
0.127215
0.4
0.25
0.5
0.83
0.35
0.17
0.74
0.07
0.29
0.93
0.482435
0.142916
0.643573
0.351167
0.429805
1.00974
0.0593964
0.793254
0.620001
0.0100008
0.492435
0.00487453
0.192233
0.919775
0.559775
0.368187
0.918168
0.738168
0.67
0.88
0.72
0.14
0
0.74
0.72
0.03
0.17
0.55
0.552436
-0.147032
0.342011
0.0387302
0.227308
0.527066
0.637858
0.618369
0.77324
0.71949
0.299987
0.421075
0.242233
0.819777
0.969774
0.528168
0.228184
0.518168
0.329317
0.31
0.04
0.33
0.38
0.79
0.13
0.29
0.38
0.100002
0.0783199
0.602001
0.00177685
-0.182335
0.102109
0.566807
0.276827
0.516806
0.183866
-0.128972
0.6595
0.760595
0.172234
0.169799
1.00625
0.0882428
0.728168
0.688168
0.0882428
0.43
0.78
0.51
0.52
0.75
0.3
0.8
0.8
0.690002
0.391735
-0.0472983
0.371788
0.311787
0.7217
0.515124
0.56924
0.449259
0.00925658
0.029257
0.0595845
0.750295
-0.10309
0.58441
0.849307
0.508168
0.188184
0.398187
0.0481848
0.76
0.85
0.65
0.96
0.99
0.11
0.55
0.8
0.0700009
0.300002
0.732259
-0.156406
0.793571
0.313564
0.0324589
0.0658384
0.170417
0.210417
0.240422
0.620377
0.713342
0.849307
0.0293408
0.308877
0.328187
0.908168
0.298187
0.958168
0.42
0
1
0.77
0.8
0.9
0.33
0.87
0.49
0.48
0.17
0.232282
0.193593
-0.186407
0.293598
-0.0664125
-0.0764125
-0.0064108
0.0135331
0.438957
0.0493415
0.199345
0.288877
0.168184
0.598168
0.558168
0.208184
0.588943
0.24
0.2
0.17
0.94
0.35
0.5
0.22
0.06
0.07
0.9
0.9
0.32
0.440027
0.240719
0.651137
0.841137
0.761137
0.00115547
0.0811548
0.251161
0.471165
0.240685
0.48
0.22
0.83
0.91
0.15
0.31
0.34
0.79
0.39
0.56
0.59
0.98
0.41
0.69
0.36
0.68
0.45
0.12
0.61
0.24
0.14
0.119999
0.2
0.49
0.12
0.89
0.8
0.98
0.31
0.38
0.19
0.82
0.32
0.86
0.73
0.27
0.05
0.68
0.32
0.11
0.5
0.84
0.39
0.78
0.57
0.62
0.38
0.09
0.99
0.95
0.23
0.68
0.41
0.84
0.08
0.43
0.62
0.84
0.99
0.66
0.63
0.76
0.15
0.33
0.16
0.28
0.24
0.58
0.33
0.64
0.41
0.25
0.34
0.51
0.83
0.51
0.61
0.56
0.54
0.46
0.38
0.62
0.91
0.99
0.25
0.32
0.42
0.74
0.42
0.27
0.75
0.71
0.88
0.97
