0.03
0.91
0.57
0.58
0.24
0
0.19
0.72
0.28
0.64
0.88
0.26
0.89
0.01
0.26
0.98
0.6
0.17
0.09
0.2
0.85
0.18
0.44
0.07
0.77
0.03
0.15
0.5
0.64
0.12
0.26
0.18
0.39
0.09
0.57
0.65
0.72
0.98
0.83
0.34
0.2
0.83
0.27367
0.692374
0.32156
0.34
0.08
0.19
0.52
0.22
0.87
0
0.39
0.8
0.85
0.02
0.97
0.82
0.15
0.74
0.91
0.317418
1.2295
1.24836
1.03835
0.928355
0.968355
1.23836
1.14403
1.22321
1.76219
2.87115
5.64189
3.05864
1.4895
0.346558
0.73
0.17
0.98
0.17
0.13
0.72
0.75
0.42
0.16
0.66
0.86
0.26
0.53
1.4192
1.09741
0.969803
1.17706
0.89712
0.768878
1.69818
1.43966
1.42159
2.55024
6.26743
6.84011
6.24084
0.947318
0.947699
0.356117
0.19
0.73
0.04
0.4
0.4
0.65
0.44
0.65
0.93
0.2
0.82
0.88
0.304762
1.56728
1.53089
0.914229
0.883275
1.73608
1.75944
1.45204
1.92161
6.3253
6.68117
6.85055
6.36822
1.49788
1.18266
0.991392
0.926047
0.48
0.14
0.33
0.19
0.91
0.12
0.45
0.99
0.19
0.87
0.87
0.827361
0.524273
0.791512
0.836318
1.17833
1.06452
0.51768
1.21954
2.32797
6.54
6.62245
6.42283
6.59103
1.59407
1.76783
1.30859
0.877596
0.04
0.45
0.4
0.16
0.3
0.18
0.34
0.52
0.33
0.37
0.91
0.15734
0.543297
0.588844
0.636025
0.695397
0.82085
1.19085
1.89661
5.99125
6.38715
5.77118
6.01873
4.4083
1.55418
1.26447
0.704766
0.90758
0.99
0.2
0.28
0.94
0.13
0.04
0.15
0.2
0.5
0.79
0.21
0.351311
0.446726
0.214716
1.14712
0.713368
0.450566
1.97376
5.90795
6.53139
5.77843
5.89008
6.06114
0.523752
1.33015
0.974925
0.682912
1.39836
0.85
0.71
0.84
0.7
0.64
0.74
0.86
0.42
0.95
0.65
0.45
0.211542
0.657553
0.538007
1.16085
1.2445
2.38082
6.13556
5.7089
6.33294
5.77294
5.59115
6.32909
0.641523
1.33204
0.864534
0.926127
1.36208
0.13
0.79
0.07
0.04
0.69
0.23
0.31
0.87
0.59
0.27
0.68
0.727716
0.466139
0.780064
0.500844
0.685654
5.85796
5.8789
5.88294
5.87294
5.52294
5.60452
5.68939
1.33956
1.69201
0.984969
0.850901
0.86
0.85
0.72
1
0.28
0.47
0.91
0.28
0
0.83
0.03
0.60367
0.547862
1.01493
0.580843
0.443866
3.67012
6.20373
6.63632
6.61882
4.40274
6.34566
6.19164
6.2225
3.93577
1.4292
0.793555
0.785915
0.17
0.54
0.65
0.25
0.83
0.93
0.01
0.22
0.75
0.45
0.12
1.13219
0.495249
1.07325
0.658856
3.46754
5.689
6.27631
5.90631
4.64797
1.13333
3.7174
6.55092
6.52991
6.98163
1.76198
1.67143
0.501311
0.483829
0.66
0.77
0.78
0.4
0.18
0.84
0.43
0.88
0.66
0.59
0.324118
0.613057
1.06205
2.6709
6.04624
5.88412
5.79631
4.82088
1.09313
0.439126
1.30797
6.74836
7.25147
6.3984
1.25402
1.76891
0.113356
0.781311
0.69
0.8
0.66
0.64
0.27
0.12
0.55
0.88
0.77
0.37
0.732986
0.304251
0.708317
5.78223
6.11373
5.52035
4.35853
1.10535
1.07598
0.235985
1.09853
6.56216
7.05343
6.35432
1.24468
0.62994
0.150638
0.853297
0.183829
0.27
0.14
0.65
0.8
0.5
0.03
0.15
0.29
0
0.15137
0.144182
0.994154
3.13688
6.09823
4.56731
0.560769
0.871255
0.867497
0.445915
1.14354
7.00023
6.63343
6.83769
0.888639
1.07321
0.533112
0.203297
0.451311
0.04
0.84
0.31
0.16
0.92
0.52
0.47
0.77
0.22
0.172156
0.294153
0.764154
0.666549
0.72097
1.00914
0.789134
1.06993
0.956174
0.908039
1.07952
6.85609
6.83516
6.60623
3.12411
0.850896
0.35314
0.353297
0.103297
0.21
0.2
0.47
0.01
0.02
0.4
0.07
1
0.14
0.875891
0.794154
0.507113
0.776959
0.769529
0.819134
0.17916
0.376165
0.794675
0.46188
1.79059
4.69258
6.87516
6.44498
6.3484
0.998339
0.72311
0.403297
0.323297
0.98
0.85
0.12
0.1
0.69
0.58
0.52
0.82
0.83
0.67
0.487122
0.584439
0.877347
0.119802
0.603136
0.550775
0.982156
0.614387
1.42407
1.46199
1.34807
7.17808
5.71012
5.76555
0.930532
0.515552
0.703297
0.0874818
0.93
0.42
0.95
0.67
0.97
0.27
0.05
0.85
0.31
0.6
0.30304
0.617347
1.11732
0.635713
0.494433
0.660195
0.887372
0.510296
1.51682
1.62577
1.16994
6.64131
5.57938
6.28745
0.687235
0.0725007
0.91
0.12
0.35
0.63
0.59
0.43
0.78
0.03
0.34
0.9
0.79
0.532959
0.475095
0.967346
0.867347
0.741387
0.153556
0.423156
0.376826
1.29184
1.58967
1.90374
1.4987
6.32022
6.3877
5.60466
0.3797
0.31
0.76
0.66
0.05
0.92
0.04
0.4
0.52
0.84
0.93
0.02
0.81
0.611578
0.896226
0.837532
0.875073
1.12601
1.01544
0.623132
1.16159
0.974053
1.29479
1.06209
0.58879
5.78514
5.59773
6.22979
0.94505
0.18
0.84
0.72
0.05
0.59
0.71
0.49
0.52
0.62
0.59
0.31
0.04
0.564457
0.175497
0.187538
0.977532
0.477536
0.957532
0.349031
1.4815
1.54439
0.988796
0.774395
0.441407
6.15181
5.99226
6.30549
0.5
0.25
0.96
0.63
1
0.92
0.23
0.01
0.51
0.54
0.51
0.23
0.89
0.481599
0.135904
0.285495
0.168816
0.401634
0.839052
1.03423
1.33415
1.31287
1.49893
0.550646
0.996467
5.81095
5.39294
5.90294
0.61
0.84
0.64
0.07
0.89
0.69
0.11
0.64
0.74
0.96
0.86
0.8
0.01
0.81
0.21
0.95
0.609592
0.471634
0.871137
1.82217
1.21007
1.55007
0.7838
0.391634
0.854654
3.52785
5.75294
4.15346
0.81
0.3
0.13
0.82
0.82
0.15
0.85
0.9
0.3
0.25
0.11
0.38
0.25
0.28
0.14
0.65
0.88
0.79
0.605697
0.992473
1.81843
1.33216
0.222558
0.69
0.03
0.56
0.14
0.25
0.58
0.56
0.44
0.8
0.28
0.04
0.14
0.51
0.68
0.4
0.44
0.37
0.61
0.22
0.57
0.6
0.03
0.29
0.34
0.62945
0.650081
0.762558
0.7
0.62
0.62
0.84
0.92
0.82
1
0.81
0.8
0.36
0.03
0.77
0.06
0.5
0.82
0.88
0.28
0.07
0.57
0.2
0.91
0.87
0.93
0.12
0.66
0.6
0.8
0.47
0.47
0.65
0.47
0.03
0.56
0.66
0.89
0.83
0.05
0.2
0.85
0.33
0.9
0.01
0.78
0.92
0.66
0.09
0.62
0.57
0.1
1
0.86
0.18
0.36
0.56
0.18
0.51
0.38
0.85
0.94
0.47
0.05
0.69
0.31
0.06
0.07
0.45
0.35
0.04
0.68
0.9
0.49
