0.96
0.27
0.91
0.25
0.55
0.97
0.07
0.38
0.32
0.87
0.21
0.13
0.37
0.04
0.92
0.63
0.38
0.68
0.33
0.64
0.7
0.7
0.89
0.91
0.62
0.13
0.84
0.28
0.37
0.21
0.26
0.4
0.27
0.88
0.36
0.77
0.61
0.58
0.07
0.34
0.52
0.09
0.73
0.11
0.73
1
0.09
0.37
0.35
1
0.17
0.1
0.43
0.84
0.57
0.67
0.15
0.49
0.83
0.05
0.33
0.03
0.83
0.61
0.43
0.96
0.38
0.61
0.43
0.92
0.41
0.53
0.59
0.17
0.11
0.97
0.99
0.79
0.42
0.09
0.27
0.57
0.59
0.17
0.33
0.67
0.37
0.15
0.01
0.04
0.29
0.88
0.55
0.57
0.77
0.35
0.3
0.4
0.17
0.36
0.31
0.97
0.54
0.85
0.65
0.78
1
0.62
0.19
0.96
0.74
0.82
0.7
0.86
0.48
0.82
0.75
0.68
0
0.19
0.19
0.67
0.66
0.74
0.8
1
0.71
0.27
0.69
0.08
0.19
0.96
0.81
0.21
0.7
0.09
0.38
0.3
0.45
0.25
0.95
0.84
0.91
0.06
0.09
0.88
0.77
0.81
0.55
0.77
0.4
0.69
0.4
0.7
0.35
0.57
0.63
0.96
0.65
0.75
0.86
0.31
0.53
0.89
0.7
0.05
0.95
0.1
0.72
0.71
0.72
0.99
0.8
0.7
0.38
0.36
0.52
0.78
0.09
0.06
0.76
0.71
0.27
0.4
0.03
0.15
0.84
1
0.76
0.32
0.7
0.59
0.99
0.65
0.67
0.59
0.92
0.67
0.24
0.74
0.31
0.08
0.03
0.05
0.59
0.15
0.88
0.27
0.84
1
0.41
0.86
0.8
0.78
0.17
0.86
0.18
0.78
0.71
0.42
0.14
0.44
0.16
0.1
0.73
0.24
0.73
0.31
0.23
0.17
0.83
0.02
0.46
0.11
0.81
0.96
0.28
0.73
0.32
0.38
0.5
0.96
0.09
0.84
0.63
0.36
0.56
0.32
0.75
0.87
0.59
0.97
0.88
0.59
0.31
0.62
0.2
0.83
0.07
0.29
0.38
0.16
0.28
0.17
0.22
0.29
0
0.97
0.21
0.89
0.15
0.33
0.31
0.81
0.26
0.65
0.03
0.14
0.14
0.8
0.66
0.88
0.25
0.11
0.29
0.85
0.48
0.5
0.47
0.39
0.42
0.84
0.07
0.45
0.99
0.27
0.4
0.14
0.06
0.2
0.75
1
0.93
0.2
0.99
0.26
0.89
0
0.82
0.77
0.99
0.18
0.62
0.96
0.94
0.48
0.44
0.77
0.25
0.11
0.59
0.49
0.73
0.94
0.45
0.91
0.69
0.18
0.74
0.31
0.13
0.03
0.03
0.67
0.22
0.68
0.39
0.73
0.26
0.18
0.72
0.64
0.52
0.41
0.53
0.82
0.13
0.15
0.63
0.69
0.56
0.33
0.43
0.4
0.9
0.7
0.03
0.2
0.38
0.77
0.13
0.16
0.83
0.92
0.95
0.99
0.35
0.78
0.65
0.19
0.54
0.24
0.04
0.81
0.42
0.44
0.6
0.77
0.24
0.25
0.13
0.45
0.01
0.14
0.45
0.96
0.04
0.62
0.04
0.36
0.55
0.65
0.7
0.06
0.01
0.28
0.03
0.09
0.49
0.24
0.44
0.49
0.3
0.08
0.79
0.83
0.74
0.26
0.1
0.49
0.82
0.8
0.77
0.8
0.87
0.79
0.04
0.58
0.23
0.98
0.82
0.44
0.36
0.76
0.17
0.64
0.47
0.34
0.98
0.23
0.54
0.73
0.83
0.32
0.6
0.86
0.78
0.16
0.87
0.33
0.09
0.57
0.41
0.09
0.8
0.15
0.89
0.89
0.61
0.52
0.2
0.32
0.54
0.75
0.91
0.05
0.17
0.22
0.11
0.33
0.29
0.24
0.43
0.45
0.89
0.65
0.77
0.93
0.85
0.5
0.02
0.71
0.22
0.27
0.87
0.1
0.27
0.1
0.35
0.28
0.79
0.02
0.16
0.9
0.36
0.05
0.93
0.12
0.82
0.05
0.9
0.53
0.6
0.21
0.21
0.56
0.64
0.59
0.58
0.95
0.62
0.58
0.77
0.89
0.04
0.59
0.36
0.16
0.97
0.48
0.79
0.4
0.38
0.94
0.61
0.15
0.84
0.95
0.26
0.42
0.56
0.28
0.91
0.78
0.8
0.26
0.88
0.35
0.98
0.39
0.4
0.34
0.56
0.07
0.93
0.42
0.04
0.64
0.32
0.76
0.33
0.59
0.62
0.29
0.67
0.91
0.91
0.09
0.67
0.03
0.4
0
0.46
0.43
0.8
0.29
0.34
0.32
0.76
0.47
0.43
0.43
0.32
0.83
0.15
0.88
0.68
0.33
0.75
0.67
0.11
0.28
0.08
0.39
1
0
0.14
0.17
0.58
0.11
0.79
0.75
0.08
0.97
0.92
0.94
0.85
0.09
0.64
0.66
0.44
0.25
0.85
0.23
0.87
0.32
0.67
0.35
0.55
0.2
0.55
0.96
0.76
0.83
0.5
0.6
0.06
0.94
0.9
0.44
0.18
0.68
0.25
0.29
0.66
0.86
0.83
0.13
0.76
0.79
0.08
0.61
0.89
0.98
0.43
0.47
0.59
0.16
0.54
0.81
0.34
0.12
0.25
0.59
0.91
0.16
0.23
0.04
0.57
0.64
0.64
0.33
0.96
0.27
0.4
0.04
0.59
0.83
0.53
0.64
0.97
0.45
0.36
0.73
0.84
0.35
0.58
0.95
0.77
0.21
0.42
0.9
0.9
0.18
0.79
0.12
0.64
0
0.96
0.56
0.72
0.71
0.73
0.37
0.07
0.42
0.25
0.94
0.14
0.36
0.87
0.76
0.9
0.74
0.81
0.04
0.98
0.69
0.43
0.59
0.68
0.72
0.68
0.05
0.01
0.06
0.87
0.49
0.77
0.18
0.72
0.83
0.09
0.17
0.12
0.36
0.94
0.08
0.96
0.49
0.53
0.24
0.58
0.23
0.17
0.78
0.04
0.96
0.67
0.35
0.2
0.05
0.19
0.3
0.39
0.34
0.6
0.25
0.7
0.08
0.09
0.35
0.7
0.97
0.09
0.56
0.83
0.23
0.44
0.29
0.47
0.17
0.74
1
0.88
0.08
0.82
0.28
0.37
0.67
0.76
0.14
0.11
0.42
0.77
0.71
0.87
0.05
0.89
0.05
0.08
0.86
0.04
0.38
0.77
0.47
0.77
0.54
0.04
0.48
0.04
0.19
0.92
0.66
0.13
0.33
0.91
0.49
0.04
0.77
0.68
0.96
0.77
0.91
