0.92
0.9
0.38
0.81
0.93
0.38
0
0.47
0.83
0.89
0.57
0.5
0.78
0.94
0.72
0.62
0.65
0.46
0.6
0.52
0.01
0.79
0.06
0.22
0.85
0.85
0.46
0.51
0.38
0.74
0
0.26
0.28
0.84
0.76
0.5
0.38
0.65
0.52
0.19
0.93
0.54
0.48
0.91
0.1
0.41
0.61
0.56
0.28
0.64
0.34
0.93
0.67
0.03
0.63
0.33
0.67
0.58
0.98
0.62
0.27
0.71
0.49
0.27
0.93
0.24
0.77
0.88
0.67
0.02
0.92
0.05
0.25
0.69
0.12
0.17
0.5
0.84
0.19
0.97
0.88
0.56
0.07
0.74
0.58
0.04
0.87
0.73
0.86
0.07
0.33
0.21
0.09
0.67
0.92
0
0.12
0.89
0.9
0.12
0.57
0.91
0.21
0.74
0.84
0.29
0.84
0.26
0.55
0.04
0.68
0.96
0.49
0.84
0.89
0.57
0.46
0.03
0.21
0.34
0.9
0.36
0.39
0.47
0.53
0.61
0.39
0.42
0.49
0.89
0.67
0.55
0.01
0.47
0.28
0.24
0.77
0.44
0.33
0.55
0.08
0.65
0.34
0.65
0.56
0.33
0.42
0.12
0.61
0.72
0.63
0.98
0.79
0.15
0.91
0.82
0.55
0.33
0.66
0.69
0.8
0.26
0.3
0.4
0.65
0.84
0.46
0.9
0.5
0.95
0.54
0.39
0.63
0.17
0.11
0.95
0.96
0.6
0.8
0.49
0.99
0.74
0.58
0.03
0.53
0.79
0.36
0.8
0.23
0.1
0.55
0.71
0.06
0.44
0.04
0.48
0.9
0.02
0.77
0.19
0.93
0.61
0.33
0.78
0.97
0.52
0.43
0.59
0.49
0.66
0.38
0
0.37
0.96
0.2
0.39
0.93
0.12
0.09
0.47
0.95
0
0.4
0.82
0.88
0.85
0.6
0.09
0.34
0.43
0.16
0.94
0.89
0.52
0.26
0.13
1
0.05
0.41
0.69
0.43
0.79
0.92
0.12
0.13
0.27
0.71
0.07
0.84
0.89
0.34
0.99
0.71
0.59
0.23
0.98
0.76
0.47
0.52
0.1
0.69
0.93
0.83
0.12
0.66
0.89
0.92
0.8
0.9
0.52
0.51
0.79
0.55
0.96
0.93
0.82
0.89
0.97
0.39
0.01
0.56
0.22
0.03
0.78
0.26
0.19
0.98
0.48
0.7
0.59
0.1
0.75
0.46
0.16
0.31
0.18
0.58
0.95
0.47
0.96
0.97
0.44
0.16
0.6
0.62
0.59
0.44
0.01
0.06
0.08
0.06
0.04
0.34
0.56
0.13
0.05
0.03
0.22
0.37
0.2
0.6
0.04
0.51
0.51
0.88
0.17
0.55
0.61
0.92
0.18
0.67
0.88
0.76
0.82
0.99
0.75
0.66
0.97
0.92
0.75
0.09
0.75
0.63
0.28
0.43
0.48
0.19
0.88
0.71
0.29
0.54
0.17
0.83
0.37
0.89
0.13
0.71
0.01
0.25
0.89
0.25
0.24
0.41
0.24
0.52
0.01
0.88
0.42
0.85
0.32
0.09
0.03
0.81
0.29
0.62
0.18
0.89
0.1
0.77
0.95
0.08
0.96
0.82
0.22
0.69
0.12
0.31
0.14
0.14
0.43
0.38
0.44
0.21
0.77
0.06
0.39
0.18
0.33
0.77
0.3
0.27
0.22
0.75
0.81
0.03
0.53
0.11
0.23
0.92
0.14
0.7
0.82
0.82
0.24
0.92
0.31
0.05
0.7
0.25
0.35
0.46
0.32
0.4
0.39
0.48
0.79
0.12
0.03
0.4
0.98
0.27
0.66
0.8
0.62
0.21
0.72
0.53
0.2
0.26
0.39
0.98
0.72
0.6
0.83
0.08
0.96
0.93
0.44
0.04
0.93
0.35
0.21
0.66
0.71
0.43
0.77
0.95
0.67
0.11
0.6
0.61
0.94
0.25
0.1
0.04
0.92
0.29
0.19
0.5
0.42
0.3
0.31
0.08
0.38
0.47
0.44
0.35
0.87
0.27
0.64
0.93
0.9
0.26
0.6
0.85
0.64
0.53
0.5
0.23
0.15
0.27
0.73
0.84
0.71
0.17
0.38
0.82
0.92
0.51
0.95
0.12
0.07
0.54
0.02
0.33
0.25
0.65
0.5
0.77
0.62
0.1
0.27
0.34
0.86
0.82
0.03
0.55
0.54
0.12
0.24
0.74
0.01
0.17
0.89
0.79
0.57
0.49
0.87
0.55
0.58
0.96
0.46
0.1
0.09
0.97
0.55
0.01
0.29
0.18
0.66
0.16
0.24
0.44
0.43
0.81
0.04
0.23
0.42
0.25
0.31
0.76
0.55
0.8
0.72
0.78
0.79
0.45
0.27
0.29
0.67
0.01
0.71
0.18
0.38
0.44
0.22
0.35
0.98
0.03
0.49
0.15
0.69
0.22
0.1
0.15
0.1
0.92
0.11
0.09
0.37
0.86
0.07
0.58
0.44
0.31
0.29
0.39
0.96
0.03
0.37
0.32
0.22
0.01
0.98
0.03
0.26
0.66
0.11
0.98
0.95
0.77
0.49
0.2
0.74
0.15
0.07
0.01
0.88
0.26
0.01
0.8
0.72
0.38
0.45
0.3
0.66
0.12
0.48
0.01
0.6
0.91
0.48
0.13
0.71
0.29
0.44
0.65
0.79
0.25
0.77
0.23
0.04
0.36
0.13
0.14
0.2
0.45
0.36
0.48
0.8
0.11
0.55
0.52
0.55
0.98
0.4
0.23
0.28
0.4
0.74
0.11
0.74
0.55
0.43
0.66
0.02
0.02
0.06
0.05
0.01
0.3
0.68
0.56
0.42
0.72
0.79
0.79
0.16
0.73
0.55
0.95
0.95
0.49
0.21
0.7
0.9
0.03
0.83
0.7
0.43
0.38
0.39
0.3
0.65
0.4
0.53
0.74
0.44
0.77
0.18
0.55
0.82
0.42
0.14
0.07
0.7
0.38
0.54
0.54
0.64
0.41
0.57
0.59
0.31
0.29
0.5
0.36
0.78
0.24
0.97
0.19
0.22
0.74
0.28
0.92
0.96
0.33
0.46
0.46
0.35
0.23
0.16
0.76
0.62
0.74
0.37
0.26
0.52
0.06
0.63
0.83
0.78
0.08
0.83
0.85
0.14
0.2
0.06
0.56
0.28
0.37
0.56
0.75
0.4
0.09
0.02
0.03
0.87
0.59
0.24
0.72
0.06
0.35
0.94
0.16
0.22
0.84
0.48
0.42
0.15
0.83
0.86
0.23
0.51
0.55
0.09
0.05
0.5
0.09
0.81
0.94
0.49
0.04
0.56
0.9
0.61
0.51
0.18
0.59
0.53
0
0.4
0.21
0.04
