0.23
0.55
0.95
0.76
0.94
0.39
0.3
0.1
0.98
0.06
0.61
0.59
0.88
0.42
0.73
0.3
0.59
0.87
0.35
0.63
0.89
0.8
0.57
0.64
0.17
0.09
0.24
0.88
0.47
0.14
0.87
0.03
0.38
0.58
0.01
0.82
0.04
0.48
0.05
0.690053
0.870376
0.0805993
0.577527
0.14258
0.126258
0.83
0.77
0.63
0.9
0.67
0.73
0.31
0.54
0.26
0.16
0.84
0.06
0.7
0.87
0.61
0.430001
0.261535
1.00474
0.295415
0.14546
0.66553
0.875571
0.185862
0.480096
0.120853
0.450595
0.085581
0.606045
0.906005
0.155359
0.412531
0.460186
0.33
0.63
0.6
0.23
0.7
0.55
0.73
0.22
0.89
0.73
0.51
0.92013
0.0451294
0.015833
0.258596
0.79358
0.840436
0.68852
0.156483
0.170811
0.0553797
0.0528038
0.845055
0.491287
0.714436
0.73682
0.545961
0.192598
0.710432
0.470186
0.39
0.13
0.9
0.77
0.11
0.46
0.04
0.94
0.94
0.200417
0.203067
0.695963
0.247865
0.074247
1.1058
0.389418
1.03172
0.795817
0.615846
0.355302
0.713279
0.643986
0.576897
0.655831
0.322446
0.779951
0.652605
0.180478
0.45
0.92
0.11
0.93
0.24
0.99
0.6
0.27
0.320001
0.480277
0.378461
0.49612
0.630159
1.06634
0.975928
1.06429
0.212612
0.952006
0.0918067
0.641382
0.775465
0.225577
0.944499
0.718633
0.115693
0.20772
0.555915
0.740561
0.04
0.03
0.08
0.82
0.54
0.27
0.01
0.83
0.490004
0.380037
0.747764
0.384118
0.6274
1.11306
1.02203
0.427122
0.267191
0.101106
0.532948
0.775869
0.355962
0.324182
0.373026
0.365463
0.594634
0.983731
0.956088
0.330467
0.77
0.21
0.32
0.12
0.46
0.84
0.66
0.34
0.290002
0.400004
0.341572
0.295839
1.04057
1.12257
0.13913
0.187481
0.0179856
0.0821919
0.575862
0.761589
0.928963
0.896684
0.657576
0.364803
0.824108
0.893891
0.585891
0.44018
0.06
0.83
0.04
0.76
0.19
0.64
0.01
0.76
0.16
0.430016
0.817792
0.269739
1.03773
0.85668
0.332977
0.296677
0.867081
0.549861
0.700141
0.600057
0.699837
0.809575
0.215423
0.983258
0.647736
1.11884
0.793402
0.270184
0.16
0.03
0.87
0.01
0.17
0.53
0.11
0.85
0.410006
0.280039
0.747579
0.495516
0.736559
0.326614
0.883032
0.880373
0.0899221
0.810162
0.350048
0.780047
0.324026
0.725605
0.305637
0.943273
0.527739
0.660788
0.250192
0.0101901
0.69
0.24
0.69
0.18
0.19
0.93
0.66
0.92
0.58002
0.477365
0.695072
0.266485
0.656268
0.600315
0.707961
0.123872
1.03364
0.346458
0.252793
0.696364
0.730503
0.394238
0.739972
0.452208
0.516496
0.187375
0.650211
0.740194
0.38
0.38
0.69
0.55
0.29
0.07
0.66
0.55
0.590021
0.211474
0.813864
0.690479
0.674293
0.774843
0.141723
0.903684
0.213564
0.685306
0.826155
0.740602
0.540569
0.446049
0.400205
0.698428
0.434998
0.122317
0.354338
0.570201
0.24
0.35
0.67
0.99
0.5
0.9
0.55
0.19
0.85001
0.0509496
0.304005
0.256946
1.12104
0.5914
1.14728
0.614091
0.0455133
0.42148
9.94908e-05
0.0105103
0.772097
0.969531
1.024
0.984698
0.835571
0.834951
0.182319
0.620131
0.02
0.38
0.38
0.15
0.44
0.32
0.48
0.92
0.68
0.0760194
0.973951
0.803716
0.594559
0.867549
1.09786
0.554386
0.284297
0.472703
0.642652
-0.107267
0.592341
0.384617
0.974922
0.225225
0.913003
0.810441
0.554494
0.433916
0.48
0.97
0.64
0
0.8
0.93
0.02
2.52042e-08
0.34
0.570373
0.884013
0.644089
1.05499
1.0333
0.687187
0.201201
0.186602
0.0239011
0.620057
0.944001
0.874074
0.41143
0.946358
0.20724
0.0780506
0.449829
0.664498
0.581522
0.24
0.56
0.57
0.68
0.39
0.46
0.9
0.46
0.99
0.0299997
0.0632648
0.273311
0.712475
0.50839
0.542738
0.473152
0.895386
0.749896
0.695245
0.707515
0.725429
0.600832
0.830884
1.11435
0.307805
0.409748
0.443993
0.813515
0.390001
0.16
0.49
0.96
0.14
0.52
0.88
0.0700001
0.48
0.409998
0.123262
0.377044
0.843086
0.828304
0.21228
0.392136
1.09889
1.14737
0.233838
0.806975
0.314893
0.580822
0.502657
0.409607
0.271826
0.588888
0.563867
0.243522
0.520001
0.260001
0.44
0.22
0.08
0.65
0.51
0.15
0.85
0.3
0.899878
0.480958
-0.0100209
-0.0403841
0.809183
0.216497
0.366935
1.18837
1.04457
1.01061
0.953364
0.97466
0.832366
1.02325
0.175786
0.677529
0.623751
0.16762
0.190001
0.960001
0.86
0.75
0.47
0.92
0.95
0.53
0.0200001
0.7
0.694953
0.519744
0.879938
0.716767
0.0559389
0.755861
0.619849
0.500396
0.358829
0.6088
0.534877
0.41355
1.00352
0.513665
0.92193
0.719313
0.990032
0.27
0.71
0.91
0.74
0.93
0.63
0.41
0.17
0.83
0.69
0.503754
0.593053
-0.040215
0.109976
0.18057
0.409772
0.0339506
0.711151
0.645191
-0.0186433
-0.0626794
0.541825
0.187992
0.266948
0.21765
0.620571
0.980068
0.55
0.49
0.32
0.61
0.55
0.87
0.99
0.27
0.82
0.71
0.06
0.353731
0.72291
-0.0650364
0.53322
0.308088
0.31057
0.574021
0.397184
0.109964
0.0381558
0.199761
0.441414
0.257405
0.296902
0.374569
0.884443
0.280047
0.6
0.37
0.6
0.37
0.55
0.63
0.17
0.07
0
0.47
0.94
0.345678
0.311426
0.72492
0.495065
0.905366
0.275542
0.816758
0.0758878
0.325399
0.841583
0.444232
0.486053
0.855298
0.629532
0.475199
0.670027
0.93001
0.0900002
0.32
0.26
0.01
0.91
0.74
0.31
0.73
0.06
0.2
0.61
0.0996
0.271666
0.481437
0.00758406
0.643668
0.325226
0.975984
0.809288
0.566296
0.776245
0.191181
0.860292
0.362803
0.0400481
0.790021
0.64
0.59
0.97
0.58
0.85
0.08
0.21
0.89
0.44
0.78
0.14
0.81
0.86
0.69
0.770003
0.870024
0.590085
0.713637
0.79839
0.999956
0.769416
0.779369
0.867115
0.463725
0.0376779
0.940146
0.450002
0.59
0.48
0.99
0.38
0.55
0.49
0.01
0.66
0.79
0.71
0.51
0.2
0.37
0.28
0.12
0.81
0.820009
0.160164
0.970363
0.492835
0.66588
0.326114
0.953926
0.314681
0.940024
0.640019
0.790009
0.0600005
0.330001
0.28
0.06
0.83
0.05
0.21
0.62
0.99
0.43
0.82
0.12
0.65
0.89
0.05
0.89
0.06
0.84
0.4
0.260034
0.700094
0.815388
0.0503512
0.474775
0.760362
0.860004
0.350009
0.100005
0.430001
0.48
0.78
0.41
0.34
0.18
0.42
0.35
0.49
0.71
0.8
0.07
0.48
0.45
0.21
0.6
0.93
0.82
0.6
0.530109
0.25012
0.80012
0.12012
0.720079
0.59
0.23
0.87
0.32
0.09
0.67
0.43
0.05
0.23
0.84
0.68
0.46
0.34
0.07
0.26
0.09
0.72
0.51
0.03
0.34
0.45
0.66
0.55
0.85012
0.29012
0.0301201
0.31012
0.520004
0.92
0.49
0.69
0.1
0.59
0.4
0.57
0.93
0.75
0.06
0.03
0.77
0.28
0.39
0.52
