0.34
0.15
0.11
0.17
0.09
0.84
0.25
0.62
0.14
0.99
0.05
0.28
0.34
0.01
0.1
0
0.97
0.32
0.14
0.82
0.29
0.52
0.58
0.29
0.9
0.71
0.56
0.95
0.95
0.31
0.36
0.16
0.68
0.88
0.15
0.28
0.120259
0.893832
0.177251
0.237306
0.67742
0.477446
0.367387
0.423821
0.710219
0.68
0.71
0.35
0.89
0.08
0.68
0.33
0.4
0.23
0.94
0.34
0.9
0.92
0.44
0.15
0.8
0.95
0.377706
0.723867
0.987292
0.107348
0.247497
0.120797
0.360487
0.981077
0.687363
0.143469
0.612498
0.0263045
0.0789872
0.440958
0.65
0.53
0.65
0.81
0.8
0.53
0.41
0.76
0.76
0.78
0.54
0.26
0.750011
0.00772809
0.165581
1.00731
0.587466
0.400872
0.134545
0.889075
0.45699
0.54692
1.03488
0.217347
0.523476
0.26359
0.10345
0.850621
0.470301
1.91304e-10
0.3
0.49
0.15
0.12
0.42
0.96
0.03
0.66
0.71
0.75
0.790035
0.234727
0.627381
0.0389909
0.235766
0.623874
-0.0904386
0.202933
-0.107132
0.48561
0.460035
-0.391887
-0.283662
0.169768
0.200907
0.0296649
0.998036
0.33
0.96
0.82
0.1
0.83
0.36
0.23
0.55
0.32
0.33
0.990016
0.400064
0.611037
0.277712
0.972845
0.136302
-0.264762
0.199506
0.184645
0.484468
-0.245767
-0.0786875
0.654626
0.124727
0.156472
0.697973
0.0116313
0.145587
0.150059
0.67
0.27
0.28
0.53
0.58
0.89
0.5
0.91
0.27
0.360035
0.200174
0.976983
0.624899
0.768965
-0.0186657
-0.245308
0.634403
0.202609
-0.197448
0.344846
0.526226
0.324074
0.484542
0.316177
-0.283434
0.351954
0.923113
0.900244
0.500059
0.29
0.46
0.42
0.74
0.87
0.71
0.16
0.88
0.010039
0.380304
0.0247359
0.0854643
-0.149258
0.551044
0.48821
-0.108885
0.108035
0.47176
0.172109
0.307304
0.448662
0.283916
0.0244384
0.478894
0.346582
0.794222
0.0803453
0.980152
0.140059
0.52
0.43
0.35
0.18
0.61
0.85
0.42
0.500094
0.780322
0.470403
-0.0334593
-0.178132
0.241698
0.230467
0.830838
0.169339
0.62725
0.847291
0.507293
1.02313
0.418662
0.729075
0.164436
0.38855
0.0769114
0.460352
0.710249
0.0401523
0.55
0.94
0.74
0.29
0.67
0.26
0.8
0.0402152
0.49032
0.927913
0.472289
-0.0582083
0.43175
0.821157
0.697132
0.197251
0.187254
0.247273
0.177294
0.817718
0.97663
0.122351
-0.155557
-0.0707438
0.46322
0.510352
0.850346
1.00016
0.960074
0.88
0.76
0.82
0.34
0.71
0.39
0.480233
0.0302853
0.233808
0.127655
0.0473601
0.615852
0.49254
0.874423
0.784423
0.274424
0.134437
0.851011
0.850132
0.622689
0.49913
0.406126
-0.0165878
0.420389
0.520283
0.510352
0.350157
0.850152
0.07
0.59
0.47
0.51
0.29
0.150055
0.0902325
0.930277
0.483713
-0.27316
-0.293961
0.0312473
0.596007
-0.00409486
-0.02279
0.301577
0.333783
1.08914
0.659291
0.252703
1.06124
0.253954
0.7705
0.0404005
0.561693
0.0502724
0.990157
0.580157
0.38
0.51
0.5
0.17
0.08
0.840176
0.0502135
0.560312
0.163707
-0.256646
0.535256
-0.0709117
-0.436978
0.523937
0.433357
0.621532
1.06917
0.539167
0.119176
0.545756
0.0911781
0.913025
0.49046
-0.00952749
0.910886
0.320157
0.730157
0.500157
0.77
0.5
0.2
0.93
0.24
0.280195
0.660207
0.160357
0.253632
0.354589
0.138531
-0.147369
0.0219116
0.630061
0.38779
0.920813
1.09912
0.650812
0.965717
0.963107
0.179238
0.733871
0.24047
0.440336
0.663836
0.87165
0.0801572
0.470103
0.34
0.72
0.72
0.36
0.97
0.590195
0.190299
0.250396
0.853657
0.88379
0.477074
0.374911
0.0905565
0.0280653
0.154062
0.70947
0.633686
0.523969
0.25179
-0.0790911
0.672145
0.470164
0.640991
0.634703
0.0847098
0.0781712
0.750157
0.620005
0.74
0.95
0.02
0.7
0.79
0.450195
0.710381
0.700396
0.973772
0.623724
0.339166
0.350009
0.474608
-0.0449616
0.629109
0.216825
-0.466997
0.0690256
0.416952
-0.107509
-0.277512
0.399094
0.158386
0.624718
0.184712
0.0977178
0.920093
0.38
0.34
0.94
0.54
0.51
0.05
0.0301945
0.550395
0.530395
0.173759
1.058
0.500328
0.458195
-0.138744
0.181248
0.246832
-0.0468459
-0.200836
0.0190341
0.256424
-0.0875099
0.362523
0.152627
-0.0495791
0.884718
0.834699
0.273802
0.63
0.85
0.1
0.66
0.8
0.01
0.47
0.780188
0.030395
0.810395
0.948187
0.567628
0.593412
0.598916
0.303117
0.469082
-0.316842
0.196053
0.243649
0.947358
0.690376
0.552487
0.432584
0.326842
0.34217
0.794728
0.354709
1.0138
0.64
0.22
0.74
0.36
0.66
0.29
0.52
0.550092
0.630394
0.490395
1.17418
1.11555
0.951157
0.597832
0.244028
0.136256
-0.073223
0.834071
0.221948
0.831967
0.985388
0.169925
0.551969
-0.342011
0.182053
1.02745
0.647373
0.89725
0.66
0.33
0.08
0.05
0.46
0.01
0.09
0.75
0.670366
0.354814
0.735676
0.761416
1.18503
0.888951
-0.216746
-0.248304
0.638852
0.341666
0.464727
0.294414
0.297089
-0.0786463
-0.222653
-0.0998719
-0.227935
0.537406
0.827297
0.96725
0.790261
0.84
0.64
0.02
0.96
0.12
0.92
0.0600001
0.110244
0.170806
0.533689
0.98542
0.838818
0.296669
0.5143
-0.284884
0.564964
-0.174929
0.683003
0.484572
0.195376
-0.174321
0.547345
0.124202
0.323108
0.236444
0.557293
0.75725
0.756396
0.48
0.38
0.54
0.69
0.12
0.85
0.0500001
0.490074
0.488328
0.652134
1.06517
0.848867
1.17891
0.759685
0.974212
0.5187
0.258971
0.596778
-0.283147
0.510047
0.424152
-0.113145
0.0603608
0.903273
0.387295
0.417294
0.0672512
0.66725
0.49
0.8
0.69
0.36
0.81
0.06
0.51
0.66
0.207429
1.01216
0.940824
0.301891
0.219812
0.960663
1.04671
0.257862
0.612709
0.52271
0.452789
-0.20728
0.497944
0.803361
0.173237
0.343102
0.817295
0.517294
0.50725
0.89725
0.72
0.26
0.88
0.74
0.13
0.27
0.81
0.29
0.17
0.430002
0.490209
0.348922
0.859811
0.599813
0.379697
0.399685
0.179683
0.699612
0.870469
0.930694
0.623317
0.243293
0.423102
0.027348
0.257296
0.797294
0.327252
0.546135
0.08
0.51
0.18
0.49
0.52
0.22
0.64
0.3
0.35
0.540001
0.390001
0.230022
0.629341
0.3351
0.795903
0.895918
0.325936
0.865987
-0.013941
0.836044
0.286017
0.205853
0.600097
0.950044
0.470044
0.030026
0
0.49
0.7
0.79
0.61
0.42
0.94
0
0.8
0.95
0.0700001
0.480001
0.390001
0.540001
0.770001
0.120063
0.840077
0.27001
0.260061
0.690133
0.290133
0.530133
0.160096
0.830043
0.210043
0.580043
0.210026
0.23
0.38
0.6
0.94
0.9
0.83
0.78
0.23
0.81
0.11
0.62
0.43
0.66
0.03
0.72
0.02
0.09
0.92
0.91
0.12
0.04
0.92
0.18
0.6
0.02
0.88
0.58
0.31
0.25
0.42
0.33
0.75
0.9
0.54
0.72
0.67
0.09
0.2
0.61
0.26
0.47
0.12
0.72
0.65
0.09
0.29
0.62
0.05
0.11
0.01
0.68
0.72
0.54
0.34
0.68
0.7
0.64
0.09
0.55
0.57
0.38
0.07
0.64
