0.82
0.84
0.88
0.42
0.88
0.53
0.09
0.19
0.28
0.11
0.85
0.83
0.05
0.71
0.91
0.2
0.31
0.88
0.96
0.79
0.39
0.89
0.04
0.02
0.36
0.24
0.94
0.47
0.55
0.36
0.82
0.94
0.26
0.38
0.22
0.61
0.62
0.750001
0.550005
0.78001
0.690014
0.100015
0.750013
0.600011
0.800007
0.270004
0.120004
0.180004
0.890003
0.140002
0.83
0
0.82
0.17
0.33
0.87
1
0.39
0.68
0.32
0.84
0.72
0.400001
0.530004
0.950012
0.440019
0.70004
0.910083
0.474111
0.918218
0.56417
0.610128
0.220124
0.940111
0.190074
0.65004
0.610019
0.590004
0.310002
0.77
0.3
0.54
0.62
0.48
0.08
0.39
0.32
0.1
0.940002
0.230017
0.47008
0.63017
0.840253
0.280372
0.49599
0.466716
0.0847399
0.294703
0.715095
0.264382
0.460334
0.900294
0.800235
0.430153
0.350077
0.930005
0.270004
0.660001
0.48
0.14
0.78
0.16
0.02
0.65
0.92
0.320019
0.97007
0.910157
0.920281
0.418752
0.982165
-0.0177206
0.160434
-0.0195529
0.210445
0.980447
0.000427162
0.720842
0.840142
0.926024
0.145944
0.82646
0.53851
0.090018
0.540009
0.140002
0.79
0.85
0.5
0.9
0.19
0.59
0.74
0.620066
0.550104
0.369077
0.866596
0.741619
0.341281
0.0904261
0.94044
0.0704316
0.840407
0.120366
0.130365
0.430355
0.240816
0.960178
0.395955
0.285888
0.485942
0.43002
0.020017
0.460002
0.68
0.64
0.63
0.39
0.68
0.18
0.72
0.410064
0.550175
0.666423
0.0861218
0.831782
0.120371
0.140235
0.32014
0.480032
0.976463
0.0784442
0.500114
0.980145
0.270203
0.710742
0.399966
0.0758254
0.547555
0.72002
1.00001
0.570001
0.53
0.7
0.78
0.04
0.67
0.24
0.37
0.140062
0.240282
0.54615
0.0197245
0.49041
0.740194
0.732639
0.10082
0.590137
0.270002
0.0400434
0.672719
0.114477
0.124535
0.384537
0.484924
0.460211
0.400085
0.340037
0.0100018
0.4
0.14
0.91
0.55
0.76
0.65
0.49
0.18
0.410059
0.420292
0.423833
0.771402
0.0803465
0.130184
0.235688
0.890201
0.310059
0.680059
5.61744e-05
6.21099e-05
0.172789
0.694513
0.744534
0.194472
0.610306
0.360073
0.0600689
0.260001
0.290001
0.33
0.92
0.04
0.14
0.63
0.17
0.15
0.220057
0.770253
0.506054
0.282733
0.320435
0.220271
0.495425
0.940121
0.170126
0.900129
0.190166
0.70024
0.750385
0.19451
0.914629
0.044594
0.430366
0.600117
0.30007
0.440001
0.980001
0.45
0.36
0.74
0.32
0.55
0.41
0.3
0.870029
0.0201645
0.464628
0.564762
0.600441
0.926852
0.366019
0.625935
0.295904
0.725914
0.815916
0.965953
0.816026
0.500089
0.810239
0.35024
0.426524
0.608553
0.540071
0.230001
0.0300006
0.820001
0.99
0.57
0.1
0.9
0.6
0.0100001
0.540002
0.580075
0.364545
0.444722
0.790572
0.126197
0.306017
0.525965
0.39595
0.0159456
0.345978
0.246029
0.116039
0.690144
0.510187
0.410144
0.265956
0.585991
0.898453
0.0500008
0.670001
0.840001
0.62
0.97
0.43
0.88
0.65
0.14
0.240002
0.780092
0.314395
0.184553
0.702641
0.876034
0.596024
0.925977
0.885948
0.635908
0.315905
0.515912
0.275911
0.450082
0.560068
0.39018
0.346005
0.735904
0.255915
0.350001
0.970001
0.410001
0.27
0.39
0.24
0.54
0
0.25
0.930016
0.490175
0.00431591
0.384434
0.744433
0.0802202
0.580251
0.0102223
0.760156
0.460133
0.0301305
0.0901649
0.100222
0.604385
0.834441
0.402525
0.316056
0.515949
0.505806
0.368365
0.760001
0.46
0.89
0.44
0.89
0.92
0.83
0.59
0.52005
0.520186
0.634277
0.854287
0.302979
0.106251
0.535711
0.746299
0.258513
0.28014
0.300147
0.700149
0.180158
0.0242766
0.594449
0.0945358
0.856272
0.535949
0.815803
0.31578
0.0400007
0.57
0.55
0.97
0.91
0.94
0.87
0.190001
0.370056
0.530186
0.694277
0.984262
0.660397
0.355802
0.22585
0.355893
0.00588695
0.835827
0.745776
0.45577
0.301269
0.15988
0.2201
0.550165
0.856135
0.0258971
0.565788
-0.0043549
0.52
0.58
0.28
0.85
0.7
0.39
0.98
0.190001
0.0700558
0.650187
0.33428
0.0242225
0.90219
0.415801
0.21589
0.985896
0.235896
0.675899
0.525888
0.695886
0.95137
0.629853
0.340132
0.0801576
0.0161254
0.305798
0.175746
0.175645
0.77
0.65
0.25
0.92
0.24
0.6
0.02
0.260001
0.300056
0.500204
0.894327
0.464287
0.454297
0.0303338
0.95828
0.225956
0.475952
0.395919
0.635859
0.515877
0.879977
0.570086
0.930196
0.0367065
0.946132
0.445777
0.335712
0.697426
1
0.78
0.58
0.9
0.85
0.12
0.02
0.180001
0.330056
0.590238
0.334337
0.204314
0.584193
0.740267
0.480207
0.440204
0.860218
0.520255
0.360338
0.240354
0.474453
0.134641
0.53471
0.150589
0.0903928
0.0801209
0.0900713
0.0800037
0.99
0.04
0.11
0.29
0.4
0.47
0.96
0.44
0.590054
0.640216
0.0743056
-0.00562835
0.854311
0.354353
0.760399
0.720402
0.800257
0.0201831
0.530228
0.245844
0.494495
0.934712
0.314789
0.0305725
0.530255
0.870086
0.630037
0.43
0.71
0.09
0.09
0.59
0.45
0.87
0.8
0.190002
0.230033
0.0101919
0.694726
0.894397
0.944435
0.355013
0.0944581
0.440404
0.340321
0.280243
0.535771
-0.00450434
-0.0152866
0.564792
-0.00525125
0.660508
0.100228
0.680052
0.7
0.26
0.53
0.05
0.62
0.66
0.69
0.71
0.84
0.850007
0.770009
0.0901901
0.192689
0.154411
0.814513
0.674543
0.504556
0.0145266
0.514526
0.294533
0.944568
0.404678
0.324729
-0.0152773
0.771207
0.290433
0.940148
0.830038
0.0500001
0.46
0.99
0.37
0.77
0.48
0.55
0.43
0.61
0.100008
0.840008
0.100101
0.280197
0.34276
0.474404
0.524437
0.714591
0.0146591
0.664703
0.474732
0.0547258
0.654727
0.314721
0.601206
0.710567
0.470228
0.830079
0.530071
0.0200001
0.07
0.87
0.26
0.33
0.59
0.01
0.92
0.94
0.0800038
0.580008
0.320017
0.0201008
0.540233
0.16273
0.734332
0.594456
0.554552
0.50458
0.90458
0.474582
0.69461
0.611094
0.66042
0.430238
0.730078
0.860076
0.630074
0.540001
0.27
0.47
0.76
0.78
0.04
0
0.25
0.79
0.98
0.91
0.360006
0.36001
0.690091
0.200202
0.820229
0.70023
0.990233
0.100267
0.350305
0.910302
0.740241
0.920117
0.270048
0.130005
0.280036
0.770072
0.0200441
0.450003
0.08
0.19
0.9
0.66
0.07
0.73
0.96
0.3
0.89
0.59
0.230002
0.950004
0.740008
0.590012
0.410013
0.850013
0.380011
1.22328e-05
0.78001
0.460003
0.94
0.59
0.750002
0.330004
0.790004
0.0700035
0.720004
0.500002
0.31
0.9
0.2
0.03
0.52
0.9
0.31
0.53
0.15
0.88
0.24
0.94
0.56
0.87
0.980003
0.920003
0.430003
0.240003
0.500002
0.13
0.97
0.07
0.67
0.84
0.01
0.09
0.49
0.25
0.11
0.68
0.84
0.65
0.04
0.59
0.97
0.3
0.94
0.11
0.65
0.31
0.37
0.75
0.130003
0.670003
0.830003
0.680003
0.72
0.06
0.87
0.45
0.85
0.87
0.15
0.94
0.17
0.51
0.75
0.2
0.35
0.98
0.97
0.62
