0.66
0.1
0.06
0.84
0.46
0.87
0.16
0.46
0.75
0.18
0.75
0.24
0.12
0.09
0.81
0.8
0.77
0.32
0.22
0.45
0.83
0.06
0.88
0.27
0.13
0.72
0.06
0.31
0.39
0.14
0.77
0.07
0.59
0.23
0.36
0.15
0.27
0.72
0.98
0.46
0.92
0.91
0.74
0.83
0.7
0.05
0.97
0.56
0.74
0.21
0.49
0.17
0.93
0.79
0.03
0.26
0.32
0.42
0.67
0.5
0.66
0.47
0.49
0.57
0.05
0.84
0.26
0
0.360101
0.720201
0.800101
0.9
0.23
0.19
0.53
0.75
0.16
0.42
0.48
0.77
0.31
0.07
0
0.05
0.48
0.18
0.3
0.96
0.41
1.17207
2.39112
2.49136
1.95644
2.14083
2.58091
2.50286
2.77425
2.41289
2.05109
2.37093
2.68083
2.51645
2.13965
1.65112
1.20743
0.5
0.74
0.09
0.96
0.75
0.56
0.28
0.07
0.14
0.35
0.96
0.48
2.03112
2.24649
2.40556
2.88852
2.13875
2.44479
2.78066
2.89067
2.10719
2.44316
2.87966
2.26935
2.45867
2.33206
2.49728
1.7256
1.04011
0.05
0.31
0.29
0.7
0.73
0.2
0.89
0.18
0.98
0.4
0.08
0.831944
2.32411
2.17535
2.41888
2.53092
2.81367
2.24064
2.12064
2.91233
2.73965
2.81964
2.53964
2.0595
2.10879
2.09206
2.59139
1.68514
0.38
0.18
0.95
0.5
0.63
0.78
0.58
0.21
0.74
0.06
0.22
0.190049
0.747326
0.228069
0.850152
1.02283
0.609805
0.989806
1.15969
0.732145
1.03881
0.268811
0.590269
1.69058
1.91949
2.35875
2.07227
1.65442
0.92
0.36
0.04
0.66
0.42
0.97
0.36
0.28
0.05
0.3
0.52
0.134901
0.917788
0.148735
0.789359
1.14401
0.112367
0.8917
0.555694
0.859967
0.700093
0.0702745
0.963199
2.33963
2.50231
2.49204
1.46221
0.31
0.93
0.82
0.93
0.26
0.19
0.15
0.55
1
0.79
0.31
0.17
0.586464
0.4287
0.670147
0.629806
0.717287
0.970999
0.945708
0.82
0.0300003
0.1
0.230106
1.88274
2.42228
1.95231
2.72208
0.372554
0.81
0.64
0.26
0.94
0.43
0.17
0.85
0.57
0.9
0.81
0.25
0.54
0.160242
0.379217
0.802843
0.719806
1.07903
0.120993
0.86
0.43
0.89
0.51
0.339971
2.51672
2.09166
2.34232
1.68465
0.140739
0.96
0.09
0.03
0.49
0.92
0.04
0.37
0.01
0
0.69
0.47
0.92
0.150268
0.982034
0.999806
0.279694
0.378302
0.223052
0.297327
0.362202
0.757285
0.621662
1.6737
2.6684
2.6084
2.81841
0.281969
0.96911
0.3
0.37
0.95
0.05
0.26
0.73
0.67
0.59
0.99
0.32
0.69
0.37
0.691605
0.632496
0.61738
0.99955
0.993523
0.537326
0.667326
1.01727
0.271645
1.24164
1.8641
2.2784
2.7584
2.38843
0.271673
0.834901
0.54911
0.35
0.89
0.99
0.59
0.66
0.57
0.47
0.41
0.58
0.21
0.62
1.08082
0.922472
0.668899
0.66957
0.548536
0.137327
0.957315
0.398754
0.71164
1.59371
2.14813
2.90839
2.24841
1.911
0.395576
0.300493
0.904901
0.87
0.46
0.23
0.62
0.02
0.67
0.57
0.33
0.42
0.79
0.10134
0.401262
0.341848
1.02251
0.186974
0.631249
0.990453
0.609967
0.899967
0.329968
2.49378
1.77353
2.2692
2.5321
0.498068
0.893463
0.975575
0.587326
0.93911
0.77
0.04
0.72
0.79
0
0.46
0.99
0.49
0.68
0.590547
0.921263
0.921263
0.824305
0.659866
0.269552
1.04979
0.790424
0.482053
0.87221
2.6987
2.51873
1.79884
1.91225
0.805609
1.37675
0.471674
0.697326
0.944901
0.18
0.33
0.98
0.86
0.92
0.63
0.73
0.76
0.95
0.15751
0.691263
0.661263
0.909464
0.999541
0.689537
0.369537
0.349458
1.08954
1.18163
2.74605
2.41613
2.80631
0.699838
1.25402
1.18313
0.741673
0.917326
0.427327
0.6
0.3
0.77
0.65
0.49
0.16
0.76
0.42
0.13
0.96223
0.521262
0.471253
0.76762
0.449498
0.839537
1.13953
0.939546
0.899568
2.20203
2.52606
2.0863
2.57632
0.329099
1.10418
0.618609
0.291673
0.357327
0.407327
0.57
0.26
0.27
0.8
0.41
0.47
0.75
0.27
0.71
0.58
0.215133
0.670197
0.994583
1.01051
0.78077
0.788554
0.468574
0.718575
2.17455
2.45436
2.30566
1.78889
0.465891
0.808808
0.882922
0.964604
0.357327
0.815788
0.37
0.96
0.63
0.4
0.38
0.58
0.63
0.87
0.36
0.73
0.820197
0.804583
0.264582
0.454314
0.245576
0.345586
0.715567
1.30246
2.65096
2.73743
1.90259
0.961541
0.36156
0.595583
0.545595
0.726097
0.6
0.84
0.6
0.16
0.33
0.99
0.01
0.93
0.66
0.09
0.16
0.94999
0.901693
1.18458
0.694583
0.534415
0.525523
0.655563
1.18556
2.63798
2.38182
2.84222
2.13315
1.19682
0.495831
0.795564
0.728527
0.91
0.1
0.5
0.73
0.68
0.06
0.92
0.95
0.08
0.52
0.62
0.36
0.199971
0.210227
0.220235
0.371693
0.514574
0.715003
0.535563
1.01556
2.57339
2.67311
2.38329
2.02588
0.591557
1.13583
0.528507
0.936836
0.7
0.1
0.77
0.34
0.88
0.27
0.9
0.66
0.16
0.62
0.8
0.1
0.849969
0.400094
0.750236
0.940236
0.340236
0.790236
0.550824
0.672942
2.48805
2.04334
2.36334
1.30685
0.675863
1.10649
0.380739
0.1
0.38
0.92
0.91
0.65
0.4
0.2
0.07
0.69
0.83
0.41
0.43
0.32
0.379985
0.689967
0.780093
0.260249
0.820269
0.560269
0.780269
0.640857
1.81386
2.129
2.00156
0.117241
0.300898
0.55
0.56
0.81
1
0.86
0.62
0.99
0.83
0.26
0.69
0.1
0.15
1
0.92
0.6
0.82
0.61
0.1
0.370127
0.260268
0.990269
0.540269
0.510269
0.710269
0.700269
0.410268
0.930159
0.63
0.77
0.82
0.04
0.54
0.45
0.56
0.12
0.75
0.2
0.74
0.35
0.06
0.53
0.72
0.73
0.64
0.92
0.03
0.47
0.02
0.07
0.63
0.61
0.96
0.35
0.55
0.97
0.27
0.81
0.77
0.19
0.45
0.79
0.12
0.61
0.35
0.96
0.35
0.81
0.01
0.51
0.67
0.91
0.65
0.56
0.43
0.17
0.38
0.05
0.99
0.77
0.22
0.04
0.05
0.65
0.2
0.31
0.21
0.21
0.29
0.31
0.17
0.08
0.63
0.49
0.64
0.58
0.82
0.62
0.77
0.06
0.67
0.04
0.59
0.68
0.48
0.05
0.85
0.5
0.05
1
0.13
0.39
0.21
0
0.25
0.32
0.69
0.32
0.61
1
0.35
0.02
0.34
0.37
0.85
1
0.85
0.51
0.65
0.33
0.49
0.52
0.51
0.55
0.05
0
0.36
0.57
0.58
0.88
0.99
0.7
0.76
0.97
0.61
0.16
0.43
0.75
0.65
0.88
0.32
0.96
