0.5
0.66
0.33
0.74
0.25
0.63
0.14
0.86
0.59
0.34
0.51
0.32
0.24
0.01
0.09
0.38
0.72
0.79
0.94
0.42
0.93
0.56
0.25
0.35
0.02
0.6
0.65
0.39
0.92
0.12
0.02
0.33
0.96
0.74
0.01
0.02
0.78
0.22
0.75
0.669964
0.729858
0.929793
0.669814
0.999882
0.479944
0.469961
0.289961
0.229961
0.759966
0.519984
0.56
0.78
0.02
0.83
0.64
0.67
0.14
0.21
0.26
0.27
0.23
0.84
0.46
0.269969
0.00986652
0.379785
0.629735
0.979726
0.692651
0.625091
0.272603
0.909601
0.489712
0.509733
0.139745
0.339806
0.429908
0.289961
0.299982
0.99
0.25
0.03
0.38
0.57
0.28
0.61
0.62
0.38
0.419972
0.629914
0.389868
0.955417
0.517176
0.489614
0.679295
0.63256
0.460042
0.420006
0.695628
1.0022
0.619276
0.627007
0.827144
0.659679
0.0497616
0.209951
0.809961
0.95
0.11
0.66
0.43
0.67
0.38
0
0.9
0.64
0.93991
0.999854
0.109767
0.563457
0.400785
0.564828
0.743466
0.100811
0.220839
0.100958
0.761121
0.816683
0.155695
0.74928
0.819272
0.108713
0.266037
0.389919
0.399959
0.51
0.82
0.28
0.12
0.08
0.24
0.68
0.49
0.779995
0.319938
0.667051
0.0511593
0.988764
1.05419
0.419422
0.995991
0.688145
0.328097
0.468049
0.388035
0.488092
0.521771
0.809894
0.270012
0.319303
0.520331
0.449897
0.419946
0.5
0.93
0.23
0.84
0.95
0.18
0.55
0.14
0.409985
0.529983
0.490992
0.829857
0.898922
0.576036
0.798061
0.408178
0.388275
0.711067
0.434025
0.00853383
0.478357
0.367575
0.575889
0.199812
0.523266
0.654029
0.109904
0.07994
0.4
0.11
0.94
0.05
0.83
0.43
0
0.02
0.589992
0.0499669
0.560308
0.399245
0.680316
0.598187
0.463861
-0.0593401
0.717943
0.736804
0.816882
0.7129
0.284261
0.83583
0.74781
0.155643
0.363427
0.702447
0.949904
0.699959
0.76
0.55
0.47
0.07
0.87
0.74
0.61
0.42
0.0899999
-3.98784e-05
0.824866
0.124255
0.498222
0.668201
0.340138
0.413655
0.622548
0.339984
0.959965
0.699728
0.826499
0.473866
0.600856
0.707939
0.520376
0.523598
0.589857
0.749959
0.23
0.78
0.29
0.71
0.74
0.23
0.42
0.53
0.48
0.709971
0.527288
0.33984
0.958423
-0.0116315
0.472547
0.179795
0.349829
0.949894
0.509895
0.819786
0.50234
0.67713
0.590391
0.317897
0.69044
0.880912
0.649787
0.169958
0.22
0.32
0.5
0.44
0.97
0.69
0.39
0.76
0.65
0.200003
0.500618
0.360402
-0.0217466
-0.0190791
0.222369
0.6101
0.540251
0.975914
0.37772
0.986407
0.716685
0.657467
0.727423
0.173128
0.181146
0.545938
0.959848
0.259961
0.4
0.71
0.96
0.56
0
0.33
0.34
0.23
0.18
0.680024
0.970764
0.471709
0.608704
0.623215
-0.017682
0.329839
0.829985
0.50976
0.074861
0.166782
0.496625
0.277301
0.59743
0.380615
0.40005
0.100374
0.456312
0.789964
0.84
0.66
0.57
0.73
0.22
0.62
0.6
0.32
0.659999
0.330025
1.10081
0.54462
0.196568
0.350504
0.0736173
0.00975216
0.736045
0.8602
0.0667686
0.0066155
0.756588
0.277311
0.303134
0.780792
0.679492
0.0976356
0.660584
0.359977
0.33
0.86
0.21
0.82
0.67
0.48
0.79
0.71
0.379999
0.950002
0.360755
0.173977
0.601308
-0.00980359
0.390259
0.760356
-0.0137688
0.556243
0.266415
0.726275
0.457825
0.367445
0.940184
1.04592
0.230128
0.0195135
0.520275
0.036342
0.56
0.42
0.4
0.25
0.39
0.86
0.7
0.75
0.759999
0.699998
1.10071
0.680586
0.531814
0.422121
0.0192435
0.742011
0.834723
-0.0404076
0.307159
0.632708
0.849957
0.293335
0.252298
1.15038
0.740366
0.790188
0.380208
0.600625
0.549994
0.1
0.78
0.55
0.85
0.54
0.77
0.989999
0.589999
0.0699532
0.550711
0.430589
0.817734
0.80598
0.458046
0.227592
0.433657
-0.134897
0.808349
0.460324
0.140079
0.291026
0.821314
0.594075
0.142633
0.330126
0.610294
0.130273
0.379986
0.509994
0.84
0.32
0.15
0.32
0.27
0.489999
0.389999
0.989853
0.300714
0.712836
0.87699
-0.0689141
-0.172071
0.45772
0.475286
0.24847
0.750533
0.140605
0.538182
0.701336
0.569388
0.361454
0.603945
0.850183
0.360233
0.790319
0.889985
0.319986
0.6
0.22
0.11
0.33
0.33
0.419999
0.429999
0.599838
1.04867
0.779104
0.9676
0.437546
0.640541
0.149549
0.558747
0.170694
0.181153
0.519874
0.193962
0.381407
0.679468
0.964013
0.150855
0.513298
0.33024
0.524263
0.309985
0.989991
0.37
0.09
0.8
0.74
0.82
0.779999
0.219999
0.569797
0.12108
0.687488
0.917434
0.156641
0.0832013
0.852801
-0.0646268
0.146884
0.854201
0.706546
0.503122
0.206849
0.0859154
0.796677
0.620589
0.520481
0.689986
0.12
0.04
0.16
0.69
0.75
0.39
0.07
0.88
0.149999
0.209999
0.852022
0.917055
0.61747
0.957396
0.669649
0.29039
0.837381
0.037504
-0.00964252
0.35899
0.378101
0.74074
0.238044
0.978039
0.83936
0.813688
0.989885
0.55
0.66
0.25
0.61
0.85
0.79
0.13
0.62
0.16
0.96
0.389999
0.13279
0.0731829
0.167391
0.89677
0.122924
0.712766
0.457195
0.807161
0.15698
0.87686
0.399132
0.588066
0.918037
0.968193
-0.0638882
0.0716821
0.429922
0.529994
0.71
0.26
0.61
0.29
0.33
0.67
0.71
0.72
0.67
0.15
0.398925
0.833067
0.817448
0.187225
1.06703
0.637118
0.850391
0.497176
0.633411
0.920722
0.510666
0.300976
0.241157
0.42562
0.0407894
0.999824
0.929945
0.229984
0.05
0.06
0.47
0.31
0.56
0.86
0.25
0.78
0.02
0.88
0.910348
0.637
0.452986
1.02321
0.190285
0.690175
0.380063
0.303378
0.520895
0.850843
0.770897
0.511113
0.324097
0.549444
0.969739
0.48998
0.669983
0.50999
0.17
0.8
0.78
0.86
0.69
0.45
0.06
0.13
0.49
0.45
0.66
0.909992
0.979721
1.00593
0.480536
0.3604
0.730326
0.270273
0.950214
0.930315
0.480446
0.943028
0.829724
0.959843
0.349857
0.56
0.74
0.82
0.5
0.05
0.12
0.84
0.42
0.59
0.11
0.71
0.71
0.44
0.26
0.14
0.709906
0.449791
0.0297831
0.28972
0.899603
0.149596
0.879684
0.0898683
0.359771
0.109761
0.0198442
0.149852
0.809852
0.76
0.33
0.56
0.55
0.11
0.13
0.46
0.23
0.89
0.42
0.25
0.02
0.83
0.93
0.09
0.45
0.56
0.279977
0.739937
0.899924
0.119945
0.93993
0.71
0.19
0.08
0.97993
0.929852
0.819912
0.5
0.07
0.8
0.09
0.28
0.52
0.08
0.72
0.94
0.51
0.75
0.69
0.16
0.45
0.79
0.64
0.03
0.809928
0.59992
0.96992
0.03992
0.999948
0.34
0.42
0.81
0.52
0.01
0.17
0.66
0.64
0.9
0.55
0.22
0.66
0.72
0.73
0.93
0.77
0.37
0.91
0.42
0.04
0.64
0.65
0.42
0.79992
0.57992
0.02992
0.85992
0.249997
0.97
0.77
0.35
0.56
0.32
0.01
0.4
0.72
0.84
0.86
0.49
0.58
0.78
0.77
0.99
