0.96
0.37
0.19
0.25
0.43
0.16
0.96
0.43
0.13
0.79
0.93
0.91
0.71
0.81
0.36
0.31
0.12
0.0199999
0.5
0.32
0.24
0.83
0.35
0.27
0.52
0.32
0.42
0
0.19
0.6
0.97
0.66
0.18
0.34
0.74
0.25
0.719999
0.579999
0.209998
0.869998
0.779998
0.879998
1.18731
1.72398
0.929751
0.56
0.24
0.42
0.31
0.68
0.28
0.48
0.03
0.35
0.2
0.85
0.95
0.34
0.92
0.31
0.12
0.951517
0.234693
0.115365
0.905367
0.035365
0.605367
0.425365
0.534116
0.549794
2.06297
2.04251
2.24832
0.405352
0.224693
0.00202027
0.42
0.17
0.42
0.37
0.18
0.61
0.49
0.03
0.27
0.46
0.95
0.99
0.8
0.224693
0.695367
0.915207
0.744874
0.0248048
0.813867
0.244839
0.917503
2.30659
1.36245
1.20368
1.04637
-0.442167
0.549537
0.125197
0.832019
0.89
0.22
0.47
0.35
0.58
0.57
0.69
0.58
0.53
0.84
0.7
0.32
0.492524
0.105365
0.122058
0.877635
0.292045
0.537986
1.1216
1.43558
1.79766
1.49907
1.04582
0.361248
0.165896
0.173997
0.148724
0.492258
0.62202
0.28
0.75
0.36
0.41
0.5
0.4
0.24
0.39
0.3
0.05
0.11
0.845325
0.80356
0.121404
0.297708
0.823035
1.46106
1.82239
1.33862
2.11434
1.64433
1.39043
0.502497
-0.250783
-0.0192624
-0.0825732
0.530696
0.305199
0.84
0.52
0.55
0.63
0.68
0.09
0.82
0.34
0.1
0.86
0.96
0.610823
0.232601
0.760685
0.991872
1.29965
1.69126
1.27919
1.5229
1.13038
0.261887
0.047719
-0.0425403
0.156079
7.73724e-05
0.371368
-0.0364823
0.585369
0.29
0.68
0.57
1
0.75
0.31
0.54
0.22
0.93
0.93
0.88
0.0854642
0.778955
0.619853
1.03721
1.73287
2.06439
2.04505
1.54196
0.508148
0.431227
0.748481
0.70076
0.584418
-0.201858
0.446755
0.894375
0.635369
0.41
0.63
0.2
0.55
0.99
0.97
0.42
0.49
0.73
0.34
0.95
0.908031
0.789751
2.55412
2.45149
2.10664
1.94716
1.10267
-0.341435
-0.12783
0.879961
1.16467
-0.077061
-0.179042
0.199721
0.32169
1.1576
0.183177
0.93
0.63
0.67
0.67
0.84
0.72
0.75
0.15
0.1
0.36
0.43
0.433258
1.80081
2.20149
1.42941
0.961348
1.65157
0.308563
0.172171
0.929961
0.529961
0.797001
0.237893
-0.0339393
0.469765
0.2017
0.258414
0.81
0.46
0.23
0.42
0.68
0.57
0.81
0.73
0.4
0.49
0.2
0.697312
1.74351
2.64082
2.02943
1.45315
1.71281
1.20439
1.27215
2.21976
1.98287
1.24632
0.28287
5.90817e-05
0.115396
-0.066804
-0.061572
0.600323
0.56
0.37
0.1
0.72
0.16
0.43
0.81
0.56
0.88
0.84
0.48
1.96471
2.13087
1.77394
1.54787
1.39995
1.39355
1.87214
1.62995
1.43024
1.6686
1.56589
0.362868
-0.15845
0.0953779
-0.115212
0.777614
0.275569
0.697148
0.33
0.98
0.18
0.23
0.44
0.72
0.52
0.2
0.8
0.34
1.77379
1.71882
1.61679
0.990645
1.25152
1.96437
1.96993
1.81431
2.4346
1.82005
2.25003
1.69231
1.57219
1.69371
0.79453
0.417658
0.00262577
-0.0444271
0.62
0.78
0.75
0.68
0.23
0.09
0.98
0.19
0.77
0.23
0.885183
1.69455
0.928491
0.996085
-0.0365603
0.267093
0.394921
2.14704
2.25777
2.13778
2.16778
1.92696
1.32724
1.47909
0.893951
0.165453
0.132293
0.692817
0.217184
0.66
0.86
0.91
0.69
0.41
0.69
0.13
0.99
0.97
-0.192019
-0.202598
-0.232592
0.232712
0.7409
0.93577
0.516606
1.93541
2.78522
2.36494
1.76421
1.7441
1.4271
1.24857
0.680791
0.614991
0.822252
0.912817
-0.0144263
0.76
0.44
0.72
0.65
0.14
0.49
0.32
0.46
0.88
0.49
0.252949
0.402949
0.781433
0.969162
1.26061
0.530589
0.740722
1.00985
0.885119
2.28371
1.1759
0.889626
1.79963
1.11238
0.161418
-0.0677225
0.0428382
0.142839
0.44
0.49
0.16
0.22
0.26
0.84
0.91
0.68
0
0.9
0.672945
0.563713
1.05681
1.27568
1.08061
0.360599
0.929849
0.297828
1.82618
1.44327
1.52999
1.82962
0.573293
1.0221
0.304475
0.842252
0.772817
0.102838
0.34
0.91
0.86
0.81
0.8
0.6
0.48
0.27
0.35
0.9
0.593541
0.547366
0.553021
0.414082
0.596521
0.674094
0.177833
0.507282
2.1079
1.4862
1.61644
0.575712
-0.473398
0.340193
0.379392
0.282467
0.0528382
0.298388
0.7
0.09
0.83
0.16
0.3
0.12
0.35
0.25
0.73
0.73
0.91949
1.163
0.42302
0.830062
0.364981
0.747319
0.635736
2.38552
1.96293
1.6476
1.19015
0.50482
0.780662
0.260887
0.766606
0.74998
0.0899985
0.859998
0.29
0.25
0.67
0.27
0.23
0
0.89
0.73
0.82
0.800758
0.933302
1.193
0.663013
0.338825
0.602263
1.06723
1.76454
2.13426
2.36174
1.53048
1.27329
0.644362
1.1799
0.519297
0.52675
0.149998
0.969998
0.309998
0.759999
0.52
0.75
0.36
0.41
0.24
0.63
0.06
0.59
1.22704
0.660347
0.953567
0.8533
1.31976
0.982768
0.927181
2.12408
2.70974
2.08877
1.65054
0.457573
0.70436
0.83986
0.475128
1.04306
0.459999
0.579998
0.119998
0.529998
0.07
0.05
0.9
0.92
0.59
0.27
0.85
0.94
1.17276
1.09906
0.563581
1.24357
0.403579
0.673576
0.659058
2.36266
2.81046
1.81202
0.55052
-0.0562728
-0.106309
0.787607
0.363006
0.749999
0.699998
0.229998
0.599998
0.239998
0.44
0.63
0.27
0.35
0.75
0.25
0.98
0.83
0.627946
1.07062
0.469075
0.571358
0.352948
0.804461
1.40526
1.94943
2.44262
2.14251
0.516633
0.444335
0.288225
0.519954
0.919962
0.969998
0.249998
0.389998
0.389998
0.839998
0.03
0.24
0.39
0.62
0.27
0.47
0.12
0.89
0.82
0.9
0.05
0.128446
0.472948
0.757638
2.00302
2.41543
2.39534
1.58303
-0.0293061
-0.454818
-0.327964
0.819962
0.789976
0.549998
0.639998
0.239998
0.929998
0.509999
0.57
0.52
0.51
0.57
0.96
0.73
0.79
0.09
0.7
1
0.45
0.38
0.14
0.232526
1.73837
1.90252
1.97012
1.15302
0.229765
0.589831
0.0999924
0.14
0.48
0.68
0.56
0.19
0.38
0.61
0.82
0.53
0.37
0.01
0.06
0.32
0.15
0.15
0.3
0.87
0.59
0.82
0.71
0
1.47219
2.04715
1.72313
0.279765
0.0398388
0.259993
0.54
0.95
0.01
0.24
0.43
0.81
0.54
0.94
0.5
0.37
0.96
0.84
0.3
0.02
0.02
0.06
0.95
0.89
0.53
0.17
0.66
0.43
0.17
0.41
0.32
0.779978
0.85
0.84
0.28
0.03
0.63
0.13
0.21
0.67
0.61
0.39
0.12
0.11
0.21
0.87
0.41
0.59
0.16
0.34
0.62
0.22
0.79
0.84
0.5
0.42
0.89
0.34
0.52
0.76
0.95
0.52
0.47
0.4
0.18
0.15
0.33
0.92
0.81
0.38
0.29
0.55
0.06
0.37
