0.05
0.4
0.62
0.09
0.44
0.33
0.97
0.53
0.51
0.61
0.15
0.98
6.11164e-13
0.73
0.72
0.84
7.66354e-14
0.88
0.02
0.29
0.11
0.87
0.03
0.94
0.34
0.04
0.32
0.81
0.2
0.02
0.34
0.67
0.43
0.4
0.75
0.01
0.46
0.56
0.610001
0.110067
0.31029
0.520499
0.0792732
0.597119
0.318613
0.860187
0.200187
0.900187
0.570163
0.530073
1
0.4
0.15
0.54
0.33
1
0.12
0.26
0.91
0.15
0.05
0.3
0.630001
0.240018
0.970138
0.170262
0.750342
0.310543
0.560701
0.0997038
0.65677
0.86673
0.726721
0.730875
0.670765
0.520464
0.820222
0.770184
0.560079
0.76
0.14
0.92
0
0.5
0.36
0.82
0.78
0.03
0.820147
0.840468
0.590745
0.881313
0.651733
0.0921007
0.917526
0.13657
0.318946
0.81666
0.877724
0.419066
0.629055
0.332935
0.702538
0.152042
0.631246
0.130616
0.720282
0.230038
0.86
0.46
0.82
0.13
0.13
0.62
0.8
0.330002
0.450577
0.211037
0.591405
0.429175
0.856721
0.0713482
0.724248
0.0843156
0.481774
0.581593
0.161515
0.83294
0.785068
0.759925
0.147946
0.251825
0.139047
0.141147
0.880462
0.650097
0.06
0.93
0.37
0.17
0.06
0.18
0.11
0.330134
0.850636
0.126681
0.941017
0.692605
0.341667
0.419818
0.194241
0.931782
0.461453
0.79128
0.451149
0.842724
0.306726
0.658673
0.613182
0.447869
0.743052
0.00130741
0.380467
0.8201
0.19
0.1
0.33
0.35
0.18
0.41
0.49
0.330362
0.180536
0.63454
0.217022
0.170541
0.0843813
0.212427
0.449981
0.509628
1.00108
0.337282
0.742665
0.923335
0.073709
0.0957987
0.367603
0.8444
1.06507
0.680798
0.0803895
0.630059
0.6
0.49
0.04
0.24
0.8
0.2
1
0.570213
0.570833
1.05268
0.585582
0.208717
0.802521
0.615856
0.205926
0.705691
0.676216
0.717911
0.135576
0.685958
0.0786395
0.638961
0.250194
0.794511
0.624553
0.900649
0.590284
0.5
0.24
0.44
0.63
0.84
0.07
0.83
0.53
0.450008
0.0608109
0.285292
0.622317
0.0706551
0.719865
0.504032
0.995015
0.267335
0.169962
0.420237
0.45057
0.0162708
0.756669
0.621282
-0.101378
0.192108
0.332971
0.0506053
0.0902255
0.93
0.71
0.3
0.02
0.21
0.78
0.52
0.86
0.500001
0.00092928
0.273063
0.413541
0.140392
0.259639
0.31965
0.256601
0.830253
0.620376
0.410487
0.880981
0.0918917
0.0883375
0.696311
0.538802
0.22181
0.959562
0.860629
0.280227
0.64
0.84
0.76
0.99
0.71
0.69
0.11
0.04
0.480001
0.679438
0.534513
0.724322
0.230497
0.311936
0.523179
0.13223
0.551763
1.07172
1.08255
0.985503
0.917983
0.803882
0.934652
0.974363
0.321471
0.978425
0.340578
0.800224
0.39
0.05
0.94
0.04
0.36
0.79
0.32
0.76
0.440077
0.0463841
0.0735814
-0.0857914
0.036242
0.773576
1.07635
0.462329
0.64221
0.862472
0.33266
1.07306
0.207993
0.394187
0.764428
0.163983
0.827236
1.10234
0.45776
0.830219
0.69
0.29
0.3
0.2
0.71
0.34
0.84
0.72
0.0402441
0.406295
0.783199
0.685829
0.113281
0.562766
0.944613
0.16207
0.712079
0.952306
0.612744
0.243177
0.263425
0.249775
0.670275
0.752337
0.227364
0.44669
1.03203
0.620143
0.15
0.07
0.09
0.91
0.54
0.87
0.65
0.43
0.0403721
0.0587665
0.623103
0.610695
0.5552
0.321382
0.411303
0.725036
0.807972
0.0372361
0.136905
0.6273
0.317742
0.534244
0.794631
0.563767
0.657586
0.496982
0.966156
0.117105
0.46
0.56
0.32
0.29
0.52
0.9
0.75
0.0600761
0.3206
0.230869
0.2474
0.827709
0.754854
0.120298
0.226054
0.922632
0.966162
0.755713
0.836839
0.18698
0.667349
0.75284
0.628109
0.456585
0.994171
1.00683
0.85626
0.731381
0.520075
0.41
0.48
0.15
0.1
0.91
0.11
0.800244
0.760635
0.250905
0.0574011
0.647441
0.863903
0.576115
0.146283
0.336523
1.01099
0.356718
0.775599
0.892419
0.346997
0.228803
0.259349
0.162922
0.571839
0.346778
0.636063
1.02522
0.620194
0.680075
1
0.35
0.16
0
0.81
0.0602688
0.490635
0.351059
0.657273
0.676948
0.296177
0.758062
0.936007
0.986129
1.04638
0.766504
0.122537
0.221981
0.873138
0.65806
0.741391
0.304259
0.140306
0.786684
0.185856
0.825325
0.4902
0.700194
0.61
0.69
0.13
0.36
0.15
0.810269
0.100635
0.771163
-0.00266277
0.367407
0.718071
0.578893
0.550098
0.545955
0.326012
1.04474
0.700531
0.422117
0.515466
0.760048
0.494353
0.636356
0.457903
0.55625
1.04543
0.404287
0.2502
0.150118
0.04
0.86
0.79
0.07
0.22
0.79026
0.870635
0.761253
0.298019
0.728206
0.0983729
0.792381
0.58166
0.361248
0.671315
0.1412
0.497512
0.157773
0.434122
0.118948
0.0496267
0.0331397
0.372491
0.150628
0.680186
0.600001
0.64
0.96
0.5
0.26
0.59
0.43
0.54
0.0901266
0.920623
0.751353
0.327947
0.538894
0.948972
0.592506
0.294959
0.822369
0.800688
0.870149
0.802238
0.394383
0.0657001
0.00967358
0.589925
0.393139
0.0922955
0.910398
0.970001
0.63
0.64
0.23
0.58
0.36
0.47
0.91
0.46
0.46
0.150323
0.491363
0.649335
0.0390197
0.289319
0.831211
0.390515
0.243567
0.849578
0.619361
0.554106
-0.0307089
0.430542
0.25013
0.589376
0.852632
0.360279
0.380567
0.270029
0.05
0.25
0.58
0.11
0.64
0.67
0.89
0.37
0.2
0.350009
0.561061
0.29617
0.808673
0.159053
0.0793192
-0.0406673
0.706363
-0.00463497
0.825518
0.0458293
0.797932
0.599865
0.0194528
0.100769
0.160581
0.981359
0.800405
0.230075
0.28
0.67
0.97
0.66
0.82
0.79
0.74
0.3
0.6
0.23
0.830617
0.731031
0.346381
0.288218
0.918288
0.278669
0.927889
0.801948
0.0649053
0.334917
0.478965
0.798289
0.308673
0.761672
0.810734
1.00031
0.690151
0.360046
0.36
0.35
0.77
0.36
0.05
0.92
0.59
0.8
0.61
0.35
0.24044
0.94061
0.541006
0.41562
0.27713
0.177517
0.303969
0.783803
0.183824
0.233534
0.877471
0.479427
0.280941
0.810363
0.770204
0.140105
0.0401014
0.790011
0.69
0.46
0.85
0.86
0.06
0.96
0.49
0.33
0.92
0.89
0.250214
0.870454
0.900674
0.03098
1.00107
0.541139
0.987175
0.746975
0.0467266
0.68809
0.570642
0.520368
0.950138
0.160132
0.410167
0.100105
0.170074
0.760028
0.18
0.52
0.31
0.75
0.43
0.51
0.17
0.24
0.96
0.05
0.78
0.950008
0.580182
0.0302984
0.610364
0.510467
0.828434
0.916114
0.357904
0.23016
0.27
0.75
0.240062
0.530132
0.23009
0.850029
0.570029
0.150017
0.58
0.22
0.45
0.93
0.25
0.09
1
0.38
0.02
0.92
0.13
0.13
0.28
0.42
0.340209
0.570231
0.320231
0.600231
0.0301514
0.88
0.36
0.71
0.52
0.82
0.95
0.69
0.36
0.84
0.81
0.88
0.07
0.94
0.84
0.82
0.26
0.27
0.15
0.95
0.84
1
0.52
0.26
0.790231
0.800231
0.380231
0.960231
0.830007
0.86
0.01
0.2
0.58
0.33
0.81
0.87
0.78
0.25
0.97
0.92
0.59
0.76
0.1
0.67
