0.24
0.66
0.21
0.33
0.82
0.46
0.93
0.45
0.44
0.77
0.799775
0.0597516
0.509752
0.459752
0.53
0.4
0.44
0.46
0.59
0.9
0.86
0.73
0.79
0.98
0.19
0.21
0.91
0.6
0.46
0
0.13
0.35
0.69
0.28
0.31
0.4
0.3
0.269875
0.229704
0.809545
0.73936
0.449262
0.687772
0.565928
0.61409
0.0498712
0.0698712
0.229871
0.439888
0.179952
0.94
0.05
1
0.38
0.32
0.04
0.53
0.45
0.31
0.54
0.0299926
0.646067
0.514947
0.579878
-0.0303652
0.499229
0.779133
-0.0709629
0.82074
0.580479
0.949509
1.14818
0.921317
0.376728
0.494665
0.834577
0.639869
0.189875
0.219951
0.3
0.48
0.23
0.94
0.03
0.79
0.42
0.78
0.74
0.649831
-0.136664
0.223157
-0.379361
-0.399554
-0.635998
0.260267
0.248294
0.333491
0.403953
0.697752
0.0417427
0.165799
0.138639
-0.605597
-0.0629465
-0.17489
0.249866
0.999873
0.879953
0.87
0.1
0.94
0.35
0.55
0.28
0.59
0.62
0.759533
0.496701
0.124763
-0.0908591
-0.1264
-0.365347
0.645949
0.773446
0.560997
0.306835
0.938437
1.08152
0.482926
-0.238285
-0.287959
0.139568
-0.322426
0.196055
0.579865
0.519878
0.65
0.08
0.67
0.36
0.06
0.75
0.39
0.37
0.549749
0.564965
-0.0716541
-0.253268
0.241917
0.40967
0.508274
0.54728
0.799948
1.07082
0.352199
0.245905
0.712981
0.649521
0.415763
0.225739
0.413359
-0.096411
0.859865
0.209874
0.82
0.38
0.26
1
0.51
0.44
0.14
0.229999
0.919996
0.214948
0.729073
0.929172
0.771958
0.780954
1.22594
1.37515
0.854351
0.976273
0.283998
0.755497
0.924275
0.931231
0.0015845
0.291809
0.144663
0.0764066
0.279869
0.959926
0.03
0.14
0.42
0.69
0.26
0.49
0.89
0.189999
0.269998
0.0780128
0.713578
0.658098
0.850906
0.923246
1.46233
0.928565
1.23493
0.560496
0.67639
0.00315193
0.445992
0.3223
0.223131
0.456502
0.0895906
-0.100232
0.149926
0.13
0.67
0.95
0.77
0.52
0.2
0.89
0.87
0.08
0.979896
0.639427
1.1644
1.10311
0.830442
1.04433
1.09848
0.852783
0.301251
0.633897
0.426111
0.534131
0.384693
-0.0485658
-0.11683
-0.385417
0.927529
0.29888
0.45
0.17
0.89
0.08
0.29
0.88
0.37
0.99
0.39
0.17993
0.569764
0.841845
1.64869
1.38422
1.51591
1.09764
0.567672
0.525642
0.250675
0.166073
0.305912
0.692625
0.163094
0.422019
-0.166752
0.104239
0.378076
0.139999
0.72
0.9
0.84
0.02
0.44
0.55
0.65
0.09
0.22
0.509775
0.953543
1.07984
1.4326
1.4959
1.41213
1.46762
1.46637
1.09298
1.24069
0.897598
0.735995
0.129351
-0.277489
-0.385504
-0.240931
0.71268
0.927659
0.369999
0.11
0.1
0.31
0.33
0.17
0.15
0.18
0.09
0.58
0.489759
1.01092
1.28728
1.39364
1.36403
1.26806
1.59717
1.58299
1.26536
0.737557
0.89893
0.84424
-0.0103512
-0.051477
-0.575575
-0.441943
0.638935
0.698237
0.848779
0.21
0.59
0.2
0.01
0.15
0.54
0.21
0.6
0.82
0.999883
1.14509
0.954371
1.06264
1.47586
1.70917
1.22536
1.34527
1.21684
1.24601
0.457229
0.613748
0.316965
0.225935
0.15978
0.521946
0.360634
0.980787
0.648238
0.23
0.45
0.05
0.59
0.79
0.29
0.73
0.84
0.8
0.13
0.994889
0.893132
0.900889
1.36486
0.69364
0.589622
0.293077
1.47539
1.22047
0.757377
0.874284
0.650702
0.283104
0.867114
1.2492
0.351925
0.420819
1.02988
0.428753
0.66
0.4
0.56
0.42
0.79
0.77
0.6
0.21
0.85
0.155627
0.317197
0.5572
0.785006
0.656981
0.354448
0.522471
0.780583
1.19262
1.361
1.13855
0.756885
0.626175
0.627261
1.22963
0.798863
0.959156
0.369798
0.988237
0.12
0.68
0.92
0.67
0.65
0.05
0.6
0.5
0.32
0.221468
0.621152
0.261147
0.67845
0.885092
1.33884
0.668526
0.372656
0.452208
0.596411
0.604983
0.87504
1.25755
1.67215
1.00049
0.936682
0.298935
0.419725
0.229811
0.529999
0.71
0.11
0.6
0.53
0.18
0.02
0.56
0.26
0.869867
0.831153
0.956992
0.30085
1.30116
0.348931
0.598922
0.582909
0.452406
1.08491
0.639956
0.635549
0.81755
1.07743
0.891605
0.929016
0.698945
0.379609
0.6798
0.469999
0.699999
0.04
0.39
0.8
0.55
0.05
0.6
0.86
0.11
0.989273
0.51971
0.552443
0.758848
0.620039
1.06058
1.22959
1.38806
0.637085
0.861431
0.630751
0.694187
1.19072
0.93048
0.939198
0.306396
0.669681
0.62947
0.929999
0.289999
0.17
0.87
0.88
0.33
0.18
0.12
0.24
0.22
0.450161
0.232377
0.0222769
0.52463
1.09088
0.775246
0.906474
1.35948
0.151534
-0.0478548
0.695656
0.716914
1.05881
0.153292
0.389427
0.258166
0.629833
0.129901
0.91
0.53
0.49
0.4
0.72
0.22
0.03
0.64
0.58
0.305838
0.559188
0.422261
0.382234
0.236108
0.596574
0.794268
0.692511
0.43254
0.553563
-0.0415808
0.705016
0.381141
1.14173
0.744634
0.61686
0.509828
0.489901
0.51
0.93
0.45
0.36
0.85
0.68
0.85
0.16
0.17
0.99
0.816648
0.571109
0.162741
0.878941
0.820127
0.453407
0.424131
1.35494
1.09321
0.631948
0.715777
0.41213
0.635387
1.0418
0.897734
0.926367
0.309997
0.18
0.75
0.45
0.92
0.37
0.54
0.69
0.62
0.85
0.61
0.72
0.665725
0.552301
0.442818
0.98264
0.202328
0.352226
0.976087
1.54192
1.13935
0.748162
0.292606
0.24321
1.0027
0.553862
0.107664
0.289923
0.929998
-1.44428e-10
0.71
0.53
0.41
0.09
0.13
0.08
0.33
0.41
0.7
0.22
0.283064
0.34514
0.712287
0.598634
0.157325
0.133414
1.01287
1.11063
1.57458
1.01503
-0.0947671
0.318303
0.939786
0.279612
0.65961
1
0.86
0.16
0.38
0.77
0.47
1
0.29
0.54
0.53
0.52
0.23
0.61
0.47
0.389941
0.729873
0.456816
0.167325
0.312301
0.547042
1.35333
0.903333
0.861315
0.862588
0.875637
0.529128
0.219613
0.30424
0.7
0.44
0.16
0.3
0.03
0.1
0.17
0.09
0.91
0.54
0.76
0.31
0.93
0.44
0.8
0.88
0.669905
0.559795
0.903356
1.29694
1.02565
0.634626
0.632764
0.949635
0.799737
0.0598846
0.21
0.98
0.25
0.19
0.44
0.19
0.51
0.95
0.06
0.67
0.01
0.71
0.1
0.97
0.7
0.53
0.31
0.6
0.46
0.629946
0.0398505
0.390248
1.10575
1.0427
0.6
0.489888
0.669885
0.759885
1
0.12
0.07
0.83
0.41
0.8
0.66
0.68
0.5
0
0.51
0.29
0.91
0.5
0.18
0.82
0.34
0.45
0.03
0.619826
0.879808
0.709808
0.319808
0.269875
0.29
0.949946
0.379885
0.159932
0.37
0.05
0.97
0.89
0.62
0.98
0.84
0.08
0.56
0.58
0.2
0.54
0.32
0.33
0.34
0.38
0.94
0.1
0.78
0.859808
0.879808
0.509808
0.849808
0.149994
0.88
0.76
0.5
0.78
0.06
0.14
0.59
0.19
0.92
0.18
0.57
0.49
0.9
0.8
0.42
