0.06
0.18
0.89
0.93
0.98
0.84
0.81
0.56
0.04
0.17
0.61
0.55
0.48
0.64
0.68
0.7
0.75
0.31
0.81
0.75
0.06
0.12
0.33
0.87
0.25
0.73
0.63
0.7
0.2
0.31
0.59
0.51
0.23
0.84
0.73
0.32
0.43
0.37
0.64
0.89
0.2
0.84
0.836844
0.374266
0.742459
0.81
0.16
0.05
0.65
0.09
0.91
0.03
0.54
0.66
0.29
0.78
0.57
0.8
0.37
0.94
0.35
1.04546
1.38023
1.15932
1.47932
0.869321
1.24932
1.37932
1.06501
1.51748
1.0605
2.82014
3.51055
2.41587
1.50023
0.997274
0.29
0.09
0.84
0.39
0.97
0.28
0.01
0.64
0.52
0.13
0.92
0.88
0.28
1.3495
1.66706
0.892079
1.66423
1.07104
1.70528
1.68459
1.6193
1.99198
2.63647
4.89642
4.51185
4.90859
0.897189
1.41979
1.04622
0.78
0.2
0.39
0.54
0.56
0.35
0.22
0.81
0.97
0.5
0.27
0.43
0.886832
1.08674
1.20725
1.38878
1.50131
1.88607
1.50687
1.78511
1.36508
4.14741
5.09857
4.36931
4.75564
1.83049
1.78067
1.72249
0.926056
0.85
0.33
0
0.48
0.51
0.97
0.88
0.16
0.32
0.83
0.35
0.906054
0.220907
0.958397
0.554912
0.456921
0.950282
0.607405
0.697811
1.95239
4.25174
4.10408
3.77134
4.23554
1.69271
1.58049
1.39598
0.879551
0.43
0.43
0.58
0.85
0.71
0.81
0.91
0.38
0.45
0.61
0.79
0.735412
0.0811671
0.442433
0.335477
1.16343
0.866108
1.05611
1.48485
3.53097
4.01934
3.3841
3.41965
2.94886
1.57367
1.14207
1.86296
0.937469
0.71
0.31
0.01
0.53
0.37
0.32
0.13
0.66
0.47
0.84
0.31
1.03925
0.593246
1.06493
0.297735
0.599874
0.608767
1.53621
4.02231
3.96516
3.79403
3.65268
3.3963
0.979932
1.7258
1.90139
1.63552
1.29932
0.68
0.55
0.6
0.43
0.93
0.47
0.47
0.92
0.79
0.34
0.8
1.03305
0.620184
0.874595
0.726108
0.288936
1.31446
3.2024
4.1701
3.4049
3.4649
3.60197
4.00034
1.04457
1.94916
1.10194
1.03949
1.02477
0.46
0.68
0.8
0.36
0.41
0.86
0.98
0.75
0.25
0.88
0.55
0.11368
0.50439
1.03605
0.546094
1.02295
3.39013
4.1801
3.2749
4.0449
3.8549
4.0639
4.11944
1.81626
1.1791
1.28303
1.82174
0.4
0.24
0.13
0.82
0.48
0.45
0.62
0.9
0.36
0.97
0.64
0.376844
1.03019
0.783846
0.376066
1.25995
2.10574
4.41253
4.27197
4.2173
2.74156
3.71432
4.10164
3.78489
2.8975
1.07627
1.6871
1.4378
0.22
0.2
0.6
0.22
0.26
0.85
0.49
0.27
0.96
0.87
0.96
0.96029
0.861277
1.04799
0.744189
2.59668
4.15044
3.74197
3.98197
2.75249
0.539383
2.45545
3.86003
4.00034
4.80366
1.64729
1.60477
0.739249
0.793028
0.17
0.58
0.56
0.5
0.56
0.45
0.48
0.28
0.09
0.48
0.5407
0.671882
0.362219
1.68876
3.50384
4.32226
4.04197
3.45911
1.29316
1.14338
1.1332
4.6312
4.53559
4.73623
1.8208
1.57308
0.291611
1.00925
0.43
0.58
0.97
0.8
0.82
0.12
0.28
0.33
0.91
0.1
0.588344
0.381966
0.531831
3.75838
3.93163
3.22581
2.90395
0.722449
0.547928
0.497928
1.03585
4.82753
4.47016
4.4179
1.85904
1.16059
0.693755
0.751168
0.103028
0.86
0.23
0.86
0.86
0.93
0.87
0.35
0.43
0.58
0.970875
0.826066
0.686066
2.60237
3.8603
2.74859
0.287273
0.370179
0.657198
1.11984
1.18965
4.50944
4.45189
5.23811
0.97339
0.884469
0.405473
0.341167
0.299248
0.66
0.93
0.46
0.42
0.34
0.6
0.75
0.06
0.02
0.340936
0.466067
0.486068
0.778464
0.832719
1.03511
0.775101
0.743788
0.976056
0.170155
1.53349
4.79434
5.00572
4.67829
2.13803
0.524311
0.185464
0.531168
0.281167
0.38
0.03
0.48
0.98
0.68
0.19
1
0.85
0.32
0.0404508
0.216061
0.195103
0.754863
0.594446
0.955101
0.225059
0.866056
0.13404
0.936485
2.02572
3.54666
4.79572
4.06822
3.42682
1.13639
0.575452
0.0811671
0.211167
0.8
0.01
0.55
0.46
0.67
0.95
0.26
0.42
0.74
0.28
0.759468
0.702613
0.861408
0.179361
0.402183
0.173047
0.503121
0.748959
1.8444
1.50469
1.22026
5.21912
3.49226
4.17081
0.806401
0.706717
0.491167
0.346221
0.42
0.68
0.98
0.78
0.36
0.37
0.11
0.56
0.81
0.68
0.611608
0.551409
0.581408
0.646306
0.434198
0.604273
0.653235
1.01243
1.68538
1.67563
1.65605
4.51118
4.15381
3.87218
0.435235
0.021703
0.18
0.29
0.71
0.23
0.5
0.77
0.02
0.47
1
0.75
0.05
0.95904
0.762676
1.05147
0.111425
0.352014
0.726599
0.277258
1.14416
1.79766
1.69771
1.42012
1.80567
3.47822
4.19726
4.02115
0.166471
0.52
0.01
0.52
0
0.75
0.54
0.79
0.54
0.99
0.33
0.5
0.8
0.569006
1.03664
0.857123
0.342678
0.270956
1.03192
0.877255
1.59216
1.45017
1.44513
1.79502
1.44656
3.88783
4.15726
3.76036
0.104082
0.27
0.38
0.81
0.92
0.45
0.55
0.06
0.9
0.42
0.58
0.23
0.03
0.731016
0.23913
0.887123
0.467125
0.457125
0.197125
0.812444
1.99429
1.97286
1.85394
1.39628
0.361303
3.41521
3.79693
3.32728
0.22
0.26
0.1
0.98
0.76
0.06
0.76
0.15
0.02
0.12
0.86
0.74
0.28
0.925066
0.162024
0.979128
0.214064
0.445102
0.640558
1.80672
1.86019
1.81051
2.03967
0.282738
0.0465798
3.14568
4.1349
4.0749
0.91
0.82
0.43
0.38
0.28
0.56
0.08
0.49
0.61
0.65
0.99
0.77
0.31
0.38
0.49
0.5
0.627107
0.905102
1.15533
1.92471
1.40033
1.47033
1.68578
0.945102
0.368943
1.92819
3.6849
2.1178
0.06
0.48
0.26
0.79
0.39
0.07
0.81
0.74
0.2
0.92
0.61
0.64
0.2
0.16
0.09
0.07
0.93
0.71
1.00909
1.53002
1.24523
0.97068
0.538242
0.54
0.91
0.64
0.57
0.9
0.41
0.08
0.57
0.47
0.49
0.84
0.83
0.33
0.22
0.39
0.97
0.15
0.2
0.42
0.64
0.19
0.06
0.7
0.77
0.798073
0.385905
0.418242
0.02
0.44
0.02
0.52
0.21
0.07
0.95
0.73
0.95
0.74
0.41
0.44
0.44
0.86
0.85
0.2
0.08
0.87
0.42
0.42
0.52
0.21
0.43
0.66
0.29
0.93
0.27
0.75
0.31
0.83
0.29
0.78
0.17
0.63
0.96
0.44
0.07
0.1
0.77
0.05
0.51
0.82
0.29
0.04
0.68
0.65
0.73
0.6
0.09
0.61
0.95
0.47
0.06
0.92
0.63
0.52
0.81
0.2
0.25
0.78
0.71
0.65
0.09
0.57
0.6
0.94
0.93
0.52
0.77
0.97
0.99
