0.2
0.37
0.5
0.89
0.03
0.46
0.77
0.06
0.96
0.91
0.11
0.6
0.12
0.05
0.47
0.54
0.97
0.58
0.11
0.15
0.27
0.98
0.93
0.34
0.63
0.57
0.7
0.33
0.34
0.97
0.9
0.52
0.35
0.2
0.31
0.75
0.91
0.08
0.65
0.51
0.81
0.86
0.639535
1.35904
1.29271
0.36
0.59
0.4
0.86
0.57
0.18
0.6
0.94
0.04
0.65
0.96
0.96
0.48
0.54
0.26
0.3
0.690011
0.390035
0.90004
0.62004
0.37004
0.93004
0.78004
0.169209
0.947714
2.05459
2.24756
2.0365
0.97004
0.560035
0.990015
0.09
0.03
0.67
0.04
0.97
0.43
0.97
0.08
0.33
0.09
0.28
0.11
0.31
0.860035
0.51004
0.0254487
0.443867
0.212938
0.787303
0.627425
1.57652
2.32921
2.50973
2.11961
2.22046
0.60387
0.657249
0.410039
0.850015
0.72
0.07
0.52
0.02
0.89
0.01
0.18
0.1
0.54
0.74
0.29
0.55
0.780019
0.85004
0.322348
0.0834528
0.817694
0.659884
1.43793
1.74169
2.22168
2.05172
2.41008
1.84191
0.62748
0.111299
0.993384
0.968519
0.960015
0.71
0.06
0.23
0.86
0.32
0.96
0.27
0.84
0.75
0.12
0.99
0.85134
0.846136
0.409015
0.94905
0.192913
1.54451
1.89987
2.29195
2.32195
2.25195
1.55818
0.920206
-0.0297012
0.165671
0.511315
0.723305
0.270039
0.83
0.61
0.64
0.24
0.65
0.22
0.8
0.82
0.19
0.45
0.58
0.34852
0.865639
0.35157
0.408944
1.37848
2.76909
2.71909
1.97831
2.01212
1.00259
0.311572
1.10059
0.817169
0.140306
0.559609
0.67483
0.36004
0.58
0.15
0.76
0.39
0.93
0.86
0.18
0.31
0.5
0.43
0.89
0.573265
0.491006
0.292466
1.4053
2.29426
2.14266
2.48363
1.94783
1.55406
0.36425
0.327285
1.0213
0.248832
0.711567
0.771574
0.42287
0.73004
0.11
0.71
0.98
0.75
0.13
0
0.2
0.25
0.88
0.98
0.82
0.139962
1.16027
2.57486
1.85907
2.40912
1.91389
1.33475
0.821059
0.7
0.2
0.206387
0.337286
0.302776
0.0288584
-0.142354
0.00867938
0.870024
0.55
0.92
0.7
0.38
0.72
0.42
0.91
0.02
0.33
0.09
0.38
0.416124
2.45884
2.16905
1.98909
2.45087
2.27752
0.46106
0.48
0.92
0.58
0.333341
0.711184
1.02521
0.55883
0.437648
0.27585
0.48
0.12
0.62
0.99
0.82
0.19
0.76
0.28
0.93
0.72
0.16
0.679535
1.87419
1.82779
1.80907
2.2483
2.45994
2.65316
2.36316
2.58856
1.44274
0.749117
0.718848
0.899722
1.0398
0.336266
-0.0209245
0.398504
0.64
0.28
0.68
0.26
0.21
0.58
0.8
0.96
0.01
0.27
0.08
1.65434
2.11843
1.76798
1.94672
2.57465
1.80597
2.30316
2.09316
1.88789
2.35374
2.53531
0.628848
0.949733
0.939762
0.759452
0.888578
0.273269
0.93848
0.35
0.26
0.22
0.24
0.92
0.22
0.72
0.25
0.15
0.01
2.14646
1.96843
1.80706
1.78873
2.10787
2.15179
2.41316
2.69099
2.50116
1.96637
2.13637
2.25638
2.16728
2.35951
0.972206
0.31131
0.552849
0.563265
0.1
0.86
0.52
0.46
0.01
0.28
0.24
0.84
0.31
0.55
1.54589
2.61839
1.85946
1.82145
0.525768
0.42471
0.543355
2.32253
1.92783
2.32783
2.58783
2.37564
2.55307
1.61136
2.11586
0.788561
0.811275
0.525638
0.81848
0.9
0.97
0.08
0.33
0.57
1
0.19
0.3
0.24
0.0199988
0.750873
0.860874
0.160903
0.080848
0.490856
0.365099
1.29716
2.66831
2.59254
2.13902
2.06227
2.0589
2.38028
1.03757
0.896165
0.748538
0.0756266
0.513265
0.68
0.89
0.94
0.75
0.39
0.9
0.14
0.13
0.37
0.62
0.710874
0.980874
0.499012
0.69803
0.910657
0.580658
0.67852
0.329748
1.39551
1.59577
2.20227
2.16878
2.01882
0.259885
0.231355
0.348538
0.945639
0.855639
0.36
0.94
0.26
0.41
0.73
0.52
0.39
0.16
0.23
0.26
0.140906
0.291822
1.16551
0.29459
1.13071
0.730657
0.639739
0.445989
1.48469
1.6479
1.644
2.37878
1.77946
0.364161
0.0271664
0.0185261
1.04564
0.32564
0.83
0.67
0.95
0.73
0.14
0.56
0.51
0.45
0.16
0.17
0.957198
0.333737
0.534083
1.01522
0.487825
0.918435
0.945976
0.819884
2.099
2.3332
1.74512
1.23505
0.122336
0.753371
0.593248
0.928594
0.155626
0.98479
0.91
0.57
0.96
0.32
0.81
0.65
0.49
0.62
0.62
0.74
0.278084
1.09412
0.364124
0.433209
0.724388
0.378515
0.295287
2.44132
2.6451
2.7479
2.28414
0.189694
0.486201
0.205488
-0.0323932
0.297262
0.03
0.51
0.52
0.88
0.74
0.75
0.33
0.54
0.6
0.06
0.13
0.53092
1.05021
0.714083
0.864083
0.51236
0.591843
0.0479172
0.627451
2.0194
2.2536
2.10975
1.8883
0.118822
0.168823
0.512254
0.427665
0.36
0.58
0.36
0.19
0.51
0.04
0.71
0.39
0.31
0.68
0.21
0.58
0.593334
0.269629
0.921184
0.840197
0.952487
0.713391
0.377918
1.75227
2.32548
1.77984
2.62318
0.288857
0.198823
0.738791
0.0244375
0.603069
0.11
0.72
0.68
0.23
0.48
0.45
0.59
0.01
0.2
0.79
0.86
0.97
0.374657
0.984248
0.901184
1.00121
0.561184
0.481226
0.482276
2.31246
1.88285
2.23604
1.24229
-0.0814949
0.768483
0.373266
0.765807
0.78
0.97
0.11
0.68
0.98
0.36
0.61
0.46
0.25
0.01
0.91
0.24
0.96
0.804879
0.780311
1.02429
0.887653
0.180906
0.100908
0.650478
2.59946
2.36314
2.21314
0.225616
0.875582
-0.0240523
0.96
0.08
0.27
0.11
0.18
0.09
0.5
0.48
0.5
0.05
0.96
0.63
0.66
0.64
0.94
0.89
0.47
1
0.0239526
0.790874
0.780909
2.01525
2.34843
1.73845
2.49841
0.210906
0.390134
0.31
0.48
0.53
0.97
0
0.37
0.37
0.18
0
0.16
0.55
0.72
0.47
0.46
0.32
0.07
0.85
0.61
0.49
0.71
0.75
0.260019
2.2265
2.02756
2.16754
1.76375
0.12
0.47
0.96
0.77
0.37
0.07
0.27
1
0.51
0.04
0.68
0.63
0.32
0.55
1
0.23
0.69
0.29
0.14
0.14
0.7
0.88
0.79
0.58
1.12589
2.09752
0.993746
0.49
0.04
0.63
0.21
0.9
0.68
0.59
0.58
0.94
0.89
0.64
0.21
0.28
0.61
0.61
0.06
0.6
0.15
0.62
0.74
0.13
0.6
0.56
0.52
0.83
0.3
0.86
0.18
0.6
0.27
0.56
0.08
1
0.14
0.12
0.97
0.93
0.01
0.23
0.43
0
0.52
0.96
0.79
0.2
0.63
0.08
0.97
0.72
0.04
0.29
0.57
0.04
0.37
0.29
0.18
0.5
0.53
0.63
0.75
0.03
0.62
0.94
0.29
0.96
0.53
0.28
0.73
0.69
0.82
0.48
