0.65
0.12
0.68
0.04
0.93
0.22
0.09
0.37
0.79
0.13
0.81
0.31
0.99
0.97
0.25
0.45
0.22
0.18
0.24
0.19
0.62
0.22
0.71
0.59
0.52
0.93
0.66
0.03
0.08
0.93
0.55
0.89
0.13
0.72
0.66
0.74
0.81
0.49
0.430012
0.970037
0.27005
0.0200668
0.37007
0.540071
0.260065
0.230052
0.0700521
0.900052
0.500046
0.56002
0.43
0.77
0.89
0.81
0.97
0.38
0.98
0.81
0.37
1
0.47
0.149999
0.0499966
0.160001
0.970021
0.910047
0.610061
0.690082
0.715637
0.131427
0.865677
0.700134
0.220131
0.790103
0.700085
0.31007
0.400056
0.680051
0.0100218
0.06
0.48
0.6
0.12
0.28
0.2
0.95
0.89
0.81
0.910002
0.970007
0.750053
0.430154
0.880212
0.960267
0.961989
0.433544
0.225424
0.175421
0.487399
0.615838
0.710318
0.290304
0.920288
0.690247
0.780168
0.0101074
0.780065
0.120011
0.38
0.07
0.29
0.29
0.53
0.73
0.47
0.0400002
0.910021
8.68981e-05
0.620189
0.930309
0.441978
0.552213
0.751395
0.520852
0.0308354
0.630816
0.830819
0.892818
0.701892
0.128441
0.660295
0.740302
0.550268
0.280155
0.52009
0.840028
0.68
0.82
0.29
0.12
0.73
0.38
0.14
0.540016
0.52005
0.62022
0.11025
-0.00800132
0.557731
0.921122
0.750816
0.0707726
0.79078
0.310749
0.720741
0.170724
0.482765
0.631333
0.927998
0.340309
0.360243
0.540149
0.710075
0.510028
0.09
0.97
0.75
0.17
0.89
0.5
0.39
0.970043
0.930078
0.0602436
0.970352
0.709629
0.120736
0.910647
0.890621
0.490549
0.137035
0.49497
0.620528
0.380539
-0.0194543
0.112637
0.281103
0.0980235
0.830172
0.930078
0.380043
0.800017
0.76
0.01
0.47
0
0.53
0.52
0.32
0.790026
0.0901539
0.0202901
0.342531
0.251049
0.110634
0.450589
0.106985
0.977327
0.230009
0.320034
0.169474
0.535044
0.391907
0.720612
-0.0374659
0.0157155
0.20836
0.0700727
0.340017
0.6
0.4
0.18
0.66
0.06
0.69
0.36
0.88
0.690001
0.760165
0.471931
0.855222
0.0307197
0.700581
0.462968
0.119939
0.339997
0.520027
0.0500362
0.710068
0.019589
0.415115
0.110762
0.31056
0.535597
0.275561
0.810039
0.38
0.22
0.25
0.1
0.12
0.37
0.29
0.23
0.12
0.320001
0.240175
0.791358
0.250675
0.160742
0.190561
0.895418
0.400067
0.240054
0.870093
0.0901468
0.540218
0.740275
0.0152033
0.123101
0.680603
0.0755345
0.41731
0.810025
0.58
0.91
0.01
0.01
1
0.26
0.6
0.74
0.78
0.450001
0.210112
0.405249
0.73063
0.880723
0.677197
0.690295
0.020215
0.600212
0.75026
0.100272
0.640319
0.250353
0.185247
0.23537
0.615368
0.730281
0.720187
0.520025
0.32
0.58
0.74
0.43
0.76
0.06
0.15
0.31
0.69
0.130012
0.110048
0.235152
0.640566
0.920651
0.685694
0.0985293
0.170252
0.610265
0.450254
0.850287
0.98032
0.530367
0.715316
0.795355
0.0253344
0.210302
0.390188
0.970124
0.6
0.08
0.51
1
0.42
0.98
0.42
0.58
0.63
0.600035
0.160051
0.18508
0.85062
0.350564
0.285579
0.415712
0.210202
0.500213
0.400202
0.250236
0.0202631
0.620283
0.185265
0.185276
0.385344
0.460309
0.000216979
0.370175
0.35
0.78
0.08
0.9
0.96
0.96
0.26
0.89
0.56
0.400042
0.530058
0.835059
-0.0471025
0.850429
0.495464
0.455453
0.948348
0.3001
0.270093
0.810078
0.310121
0.770174
0.0551849
0.445204
0.405295
0.270334
0.270242
0.300204
0.730069
0.77
0.67
0.08
0.5
0.5
0.07
0.33
0.990011
0.170049
0.900059
0.815046
0.83505
0.280546
0.455407
0.175402
0.115556
0.0987858
0.306018
0.015437
0.545479
0.865517
0.861094
0.733418
-0.0447898
0.240383
0.0402527
0.140218
0.980097
0.940009
0.72
0.61
0.68
0.81
0.98
0.49
0.270035
1.00005
0.100059
0.0350482
0.0150437
0.882874
0.1454
0.0754159
0.235455
0.465764
0.635511
0.235554
0.485534
0.0271456
0.490473
0.650525
0.0811485
0.768632
0.910271
0.980237
0.410084
0.770023
0.900009
0.49
0.28
0.85
0.7
0.86
0.760039
0.48005
0.100063
0.385031
0.314993
-0.065016
0.415531
0.995451
0.0754544
0.165509
0.335524
0.43552
0.215541
0.686572
0.360386
0.190531
-0.049419
0.505867
0.930266
0.910196
0.130073
0.590023
0.330023
0.36
0.21
0.84
0.7
0.19
0.910039
0.41005
0.360068
0.885019
0.384995
0.245041
0.0479149
0.0354298
0.845485
0.615492
0.0354833
0.52739
0.990179
0.912911
0.510395
0.300591
0.347215
0.865739
0.200214
0.770135
0.780115
0.400023
0.620014
0.64
0.64
0.64
0.95
0.83
0.240037
0.22005
0.560077
0.815067
0.375098
0.435103
0.200229
0.3655
0.935497
0.105475
0.978363
0.520173
0.980201
0.45512
0.0838057
0.000649652
0.33576
0.875677
0.140162
0.650072
0.110024
0.44
0.13
0.22
0.96
0.82
0.26
1
0.0900181
0.97005
0.13009
0.735066
0.205158
0.575187
0.425804
0.0258084
-0.00433517
0.445588
0.745728
0.778514
0.28062
0.871168
0.760668
0.740731
0.845774
0.415718
0.740106
0.280024
0.33
0.08
0.09
0.96
0.98
0.11
0.43
0.56
0.2
0.340025
0.470078
0.367059
0.775199
0.755291
0.517402
0.263781
0.705781
0.885732
0.865681
0.387312
0.594755
0.560771
0.830753
0.430713
0.885782
0.637585
0.570093
0.740007
0.49
0.5
0.35
0.64
0.7
0.02
0.52
0.22
0.0600002
0.980001
0.910046
0.799484
0.26517
0.615272
0.735335
0.245366
0.483165
0.360696
0.110715
0.520728
0.130765
0.420736
0.640685
0.767226
0.387611
0.560207
0.110065
0.880017
0.96
0.9
0.1
0.65
0.15
0.53
0.93
0.52
0.62
0.54
0.320017
0.98004
0.559522
0.645145
-0.0548387
0.295216
0.205275
0.72308
0.760616
0.280608
0.560587
0.920568
0.839004
0.970244
0.18011
0.880022
0.460019
0.810011
0.88
0.54
0.68
0.08
0.47
0.07
0.79
0.22
0.0200001
0.18
0.290019
0.250025
0.0200485
0.969446
0.58501
0.925101
0.725165
-0.0147923
0.345192
0.43518
0.385161
0.941682
0.930123
0.0700415
0.380009
0.350009
0.530008
0.420003
0.35
0.76
0.71
0.03
0.26
0.59
0.89
0.77
0.39
0.76
0.930009
0.49002
0.530037
0.300058
0.890067
0.930073
0.840072
0.260084
0.360089
0.0500778
0.620067
0.63005
0.180028
0.270008
0.420008
0.270009
0.0500085
0.0300079
0.9
0.18
0.01
0.07
0.44
0.94
0.99
0.79
0.82
0.64
0.1
0.8
0.87001
0.380019
0.360019
0.410016
0.470011
0.160016
0.0400156
0.280006
0.71
0.36
0.320004
0.670008
0.350008
0.210008
0.230008
0.860005
0.74
0.35
0.55
0.16
0.23
0.72
0.58
0.76
0.89
0.6
0.85
0.43
0.31
0.18
0.44
0.64
0.48
0.15
0.21
0.31
0.43
0.41
0.92
0.09
0.6
0.09
0.88
0.92
0.1
0.04
0.49
0.58
0.14
0.43
0.31
0.74
0.53
0.38
0.94
0.33
0.43
0.75
0.66
0.0800001
0.3
0.66
0.07
0.91
0.95
0.44
0.75
0.87
0.37
0.54
0.78
0.42
0.76
0.52
0.83
0.67
0.9
0.29
