0.92
0.9
0.38
0.81
0.93
0.38
0
0.47
0.83
0.89
0.57
0.5
0.78
0.94
0.72
0.62
0.65
0.46
0.6
0.52
0.01
0.79
0.06
0.22
0.85
0.85
0.46
0.51
0.38
0.74
0
0.26
0.28
0.84
0.76
0.5
0.38
0.65
0.52
0.190307
0.930935
0.541037
0.408897
0.719579
0.00422713
0.41
0.61
0.56
0.28
0.64
0.34
0.93
0.67
0.03
0.63
0.33
0.67
0.58
0.98
0.62
0.270192
0.71194
0.494845
0.275357
0.935432
0.245689
0.775858
0.886351
0.696127
-0.00718888
0.706869
-0.197956
0.0098961
0.696545
0.125219
0.172309
0.500053
0.84
0.19
0.97
0.88
0.56
0.07
0.74
0.58
0.04
0.87
0.73
0.860899
0.0756571
0.336581
0.27028
0.261222
0.864733
1.12884
0.242444
0.276533
0.89928
0.887352
0.0775536
0.50874
1.08061
0.28588
0.745365
0.842234
0.290122
0.840053
0.26
0.55
0.04
0.68
0.96
0.49
0.84
0.89
0.57
0.461354
0.0338846
0.21787
0.548129
1.19411
0.699085
0.746406
0.730046
0.63882
0.718034
0.48791
0.516529
0.659692
1.18593
0.954043
0.71087
0.0519198
0.471716
0.280136
0.24
0.77
0.44
0.33
0.55
0.08
0.65
0.34
0.65
0.560792
0.358625
0.507583
0.322319
0.948546
1.08783
0.944586
1.15959
0.953596
0.309229
1.06125
1.07542
0.947506
0.670884
0.956084
0.973783
0.899294
0.264308
0.30014
0.4
0.65
0.84
0.46
0.9
0.5
0.95
0.54
0.39
0.630154
0.258353
0.209206
1.11622
1.17648
0.701827
0.774687
0.464703
0.944381
0.678358
0.792072
0.250017
0.838396
1.19432
0.701738
1.09513
0.29208
0.104573
0.550083
0.71
0.06
0.44
0.04
0.48
0.9
0.02
0.77
0.19
0.93
0.704138
0.452493
0.994303
1.09624
0.438421
0.286867
0.412719
0.301641
0.569398
0.464173
0.111104
0.490484
1.27044
0.511326
0.593385
0.938938
0.124875
0.0900004
0.47
0.95
0
0.4
0.82
0.88
0.85
0.6
0.09
0.340015
0.48988
0.260058
0.940396
0.86604
0.475768
0.0763663
-0.0110434
0.992088
0.0501
0.410086
0.751517
0.542265
1.10149
1.23523
0.323102
0.145798
0.272898
0.71003
0.07
0.84
0.89
0.34
0.99
0.71
0.59
0.23
0.980006
0.76005
0.515298
0.453482
0.0753144
0.66596
0.85296
0.5854
0.112156
0.660139
0.890093
0.920124
0.855982
1.0118
0.828845
0.825209
0.993268
0.561531
0.960082
0.930077
0.82
0.89
0.97
0.39
0.01
0.56
0.22
0.03
0.780021
0.187938
0.0166498
0.854125
0.455861
0.655534
0.480113
-0.0502954
0.593552
0.356323
0.199067
0.523118
0.527957
0.977658
1.3526
0.846469
1.2373
1.00953
0.440101
0.160056
0.6
0.62
0.59
0.44
0.01
0.06
0.08
0.06
0.0400221
0.108668
0.357626
-0.025056
0.0228304
-0.0686973
0.0741544
0.213599
0.0435075
0.624123
0.123417
0.61059
0.857776
1.27919
0.572609
0.890597
0.900827
1.01476
0.216604
0.670022
0.88
0.76
0.82
0.99
0.75
0.66
0.97
0.92
0.750011
-0.157361
0.554216
0.446092
0.143914
0.295443
0.334639
0.03417
0.746997
0.698901
0.381642
0.632658
0.263684
0.977136
0.523775
1.13456
0.41508
0.879202
0.104156
0.250013
0.89
0.25
0.24
0.41
0.24
0.52
0.01
0.88
0.420003
0.732839
0.125226
-0.0994697
-0.063757
0.821292
0.30385
0.657857
0.0279082
0.696763
-0.0936727
0.57956
0.749447
-0.0175209
0.959038
0.871493
0.512997
0.970073
0.217253
0.346581
0.14
0.14
0.43
0.38
0.44
0.21
0.77
0.06
0.39001
0.189684
0.390639
0.830696
0.399768
0.378574
0.37234
0.919816
0.771756
-0.142244
0.359227
-0.0845534
0.00311261
0.741617
0.0450734
0.801999
1.11385
1.10621
0.337323
1.01412
0.31
0.05
0.7
0.25
0.35
0.46
0.32
0.4
0.390011
0.490349
0.850618
0.180703
0.198031
0.572041
1.1601
0.450969
0.840403
0.96476
0.671008
0.0958045
0.604785
0.451575
0.122226
0.61773
0.6915
1.2659
0.817251
0.697168
0.83
0.08
0.96
0.93
0.44
0.04
0.93
0.35
0.210011
0.665045
0.770618
0.507784
0.933147
1.12934
0.849636
0.289833
0.76328
0.732854
0.830954
0.120235
0.0167798
-0.0382205
1.02078
0.649598
0.493638
0.784552
0.517168
0.397168
0.31
0.08
0.38
0.47
0.44
0.35
0.87
0.27
0.640011
0.930013
1.01985
0.530261
0.897532
1.07944
0.827928
0.678139
0.61109
0.267315
0.00493984
0.129442
0.645237
0.865477
1.05153
0.503702
0.676325
1.03962
1.01717
0.567539
0.95
0.12
0.07
0.54
0.02
0.33
0.25
0.65
0.500011
0.770013
0.888286
0.397542
0.567554
0.587664
1.09408
1.03552
0.281865
0.55013
0.426657
-0.0561752
0.166168
1.03286
0.319166
0.391027
1.08818
0.795838
0.57
0.49
0.87
0.55
0.58
0.96
0.46
0.1
0.09
0.97
0.55001
0.0271014
0.488432
0.477563
0.957581
0.426475
0.498655
0.699475
0.618038
0.820458
0.0542348
0.257663
0.593829
0.571317
0.61972
1.01685
0.683651
0.8
0.72
0.78
0.79
0.45
0.27
0.29
0.67
0.01
0.71
0.18
0.380006
0.494839
0.32888
0.460601
1.17867
0.326249
0.762474
0.410296
0.722277
0.234426
0.136025
0.218291
0.423232
1.23525
0.418705
0.259514
0.382484
0.860002
0.070001
0.58
0.44
0.31
0.29
0.39
0.96
0.03
0.37
0.32
0.22
0.0686347
1.06404
0.140586
0.370843
0.771416
0.221656
1.09967
0.912393
0.815669
0.500774
0.312486
0.998987
0.398241
0.221521
0.01663
0.880003
0.260003
0.0100026
0.8
0.72
0.38
0.45
0.3
0.66
0.12
0.48
0.01
0.6
0.938498
0.540573
0.214119
0.796502
0.341056
0.492419
0.635399
0.598058
0.0682747
0.592795
0.302392
0.107551
0.396337
0.130036
0.140005
0.200003
0.450003
0.360002
0.48
0.8
0.11
0.55
0.52
0.55
0.98
0.4
0.23
0.28
0.40001
0.740026
0.11006
0.763914
0.60105
0.485228
0.485849
-0.177793
-0.178668
-0.141926
0.100002
0.0396535
0.300075
0.680001
0.560001
0.42
0.72
0.79
0.79
0.16
0.73
0.55
0.95
0.95
0.49
0.21
0.7
0.9
0.0300049
0.83001
0.700013
0.430018
0.380211
0.392667
0.0586674
0.400462
0.148521
0.378855
0.740016
0.440009
0.770001
0.180001
0.550001
0.82
0.42
0.14
0.07
0.7
0.38
0.54
0.54
0.64
0.41
0.57
0.59
0.31
0.29
0.5
0.360007
0.78001
0.240296
0.9708
0.0708305
-0.0343857
0.589782
0.280009
0.920002
0.96
0.330001
0.460001
0.46
0.35
0.23
0.16
0.76
0.62
0.74
0.37
0.26
0.52
0.06
0.63
0.83
0.78
0.08
0.83
0.85
0.14
0.200917
0.0610121
0.561012
0.281012
0.370663
0.56
0.75
0.4
0.09
0.02
0.03
0.87
0.59
0.24
0.72
0.06
0.35
0.94
0.16
0.22
0.84
0.48
0.42
0.15
0.83
0.86
0.23
0.51
0.551012
0.0910121
0.0510121
0.501012
0.0900318
0.81
0.94
0.49
0.04
0.56
0.9
0.61
0.51
0.18
0.59
0.53
0
0.4
0.21
0.04
