0.65
0.69
0.1
0.37
0.68
0.97
0.19
0.17
0.76
0.85
0.91
0.49
0.77
0.07
0.96
1
0.17
0.66
0.7
0.42
0.88
0.42
0.41
0.49
0.99
0.19
0.54
0.75
0.66
0.67
0.56
0.09
0.58
0.19
0.25
0.24
0.22
0.66
0.610002
0.900066
0.75021
0.120276
0.590256
0.840151
0.510118
0.690094
0.510094
0.310094
0.560083
0.670037
0.66
0.79
0.86
0.51
1
0.45
0.54
0.33
0.85
0.61
0.45
0.98
0.760001
0.170006
0.0600943
0.940212
0.980318
0.0505056
0.357458
0.874493
0.9075
0.510622
0.850614
0.460721
0.0505959
0.130353
0.550154
0.460093
0.0200396
0.56
0.4
0.17
0.18
0.08
0.57
0.54
0.03
0.51
9.37035e-05
0.460293
0.630509
0.100908
0.281151
0.781483
0.892097
0.111829
0.337831
0.367797
0.078548
0.158748
0.482007
0.362028
0.741892
0.261551
0.450947
0.790353
0.640147
1.00002
0.04
0.16
0.65
0.48
0.78
0.5
0.7
0.0800033
0.950419
0.600848
0.841204
0.571782
0.402244
0.614781
0.0565819
0.273907
0.893864
0.723733
0.593653
0.0545593
0.988289
0.402661
0.842524
0.282142
0.451668
0.520679
0.0602381
0.86005
0.87
0.72
0.84
0.63
0.84
0.61
0.87
0.25014
0.240563
0.283896
0.391719
0.442543
0.990503
0.705146
0.0736865
0.803622
0.91355
0.23341
0.233342
0.573251
0.654193
0.655275
0.810266
0.832405
0.489252
0.630744
0.930185
0.570052
0.91
0.9
0.13
0.59
0.43
0.9
0.16
0.150376
0.350562
0.90393
1.07202
0.700624
0.823061
0.0929539
0.0626273
0.64229
0.816265
0.310592
0.64193
0.482186
0.902212
0.253661
0.204216
0.120342
0.728403
0.850424
0.0400822
0.240031
0.04
0.19
0.77
0.93
0.62
0.25
0.09
0.800216
0.860861
0.299125
0.220624
0.844442
0.852657
0.754888
0.0458297
0.806331
0.810199
0.680228
0.154098
0.885704
-0.0208864
0.47217
0.742614
0.407719
0.581271
0.0204593
0.0900377
0.32
0.82
1
0.61
0.07
0.01
0.75
0.56
0.300009
0.390698
0.989081
0.936503
0.272887
0.442541
0.631733
0.650251
0.240066
0.760098
0.9202
0.220424
-0.0154509
0.666291
0.613012
0.831706
0.676926
0.716519
0.200597
0.240021
0.56
0.64
0.58
0.15
0.05
0.1
0.8
0.23
0.670004
0.400748
-0.000527106
0.0493721
0.333032
0.162379
0.526206
0.780453
0.80034
0.780368
0.200481
0.870925
0.171496
0.606625
-0.00456345
0.581926
0.946676
0.316165
0.0607351
0.0500414
0.96
0.32
0.28
0.83
0.49
0.84
0.7
0.74
0.610004
0.160436
0.0764184
0.0317224
0.102978
0.357064
1.03224
0.721305
0.561247
0.171238
0.941309
0.911697
0.782503
0.657153
0.28793
1.04756
0.362102
0.371609
0.750633
0.420025
0.03
0.52
0.61
0.17
0.52
0.75
0.82
0.36
0.280046
0.610028
0.616045
0.53185
0.310173
1.05761
0.922521
0.931478
0.451427
0.321423
0.141443
0.391805
0.1025
0.727283
0.627674
0.597412
0.942079
0.889052
0.17093
0.15
0.4
0.89
0.68
1
0.45
0.95
0.17
0.6
0.130135
0.390101
0.0357645
0.842102
0.619669
0.0668741
0.447376
0.911445
0.181367
0.26132
0.321483
0.341949
0.602118
0.267195
0.587231
0.0672349
1.06211
0.121705
0.928892
0.12
0.61
0.59
0.97
0.23
0.68
0.54
0.7
0.74
0.610202
0.790282
0.725836
0.504365
0.0411955
0.586139
0.335873
0.28153
1.00099
0.710924
0.580514
0.82092
0.831372
0.526638
0.456466
0.0545974
0.732216
0.641746
0.321414
0.590253
0.03
0.93
0.37
0.07
0.9
0.35
0.42
0.280041
0.550325
0.130367
0.135842
0.635957
0.204217
0.895792
0.126146
0.157068
0.57418
0.149101
0.205919
0.426161
0.196624
0.934887
0.417139
0.35664
1.04004
0.291773
0.631628
0.788182
0.7901
0.27
0.16
0.47
0.32
0.41
0.23
0.430133
0.550344
0.560443
0.215841
0.00581333
0.144274
0.945665
1.00591
0.846527
0.74827
0.726868
0.917275
1.03685
0.446867
0.401877
0.292142
0.855407
0.323151
0.991728
0.921537
1.06077
0.350257
0.2201
0.89
0.12
0.12
0.6
0.89
1.00015
0.580344
0.720692
0.825805
0.865548
0.463454
0.0663839
0.535904
0.226292
0.956619
0.186844
1.00694
0.766662
0.874641
0.771374
0.112268
0.112388
0.4584
0.901612
0.961328
0.900728
0.480266
0.140257
0.36
0.12
0
0.21
0.87
0.380147
0.170344
0.950817
0.215739
0.655646
0.365899
0.198984
0.153443
0.606059
0.706381
0.736435
0.756736
0.651529
0.0445666
0.83132
0.882549
0.187022
0.617498
0.221326
0.86086
0.817878
0.980266
0.750157
0.79
0.73
0.87
0.7
0.68
0.860142
0.250344
0.200924
0.0661652
0.506322
0.0361767
0.931329
0.955767
0.255763
0.595932
0.0615367
0.811199
0.691433
0.00594904
0.719081
0.0921418
0.477411
0.896721
0.750618
0.48016
0.490004
0.66
0.86
0.75
0.42
0.37
0.13
0.22
0.110069
0.310338
0.780982
0.556139
0.446725
0.686594
0.0484441
0.217604
0.406769
0.51627
0.767286
0.292387
0.895272
0.254892
-0.0177375
-0.0375054
0.667288
0.0168033
0.0203347
0.180004
0.05
0.37
0.39
0.62
0.46
0.17
0.78
0.71
0.2
0.49018
0.760849
0.746946
0.747035
0.807093
0.0181634
-0.00251495
0.147443
0.207327
0.327574
0.26754
0.654817
0.102917
0.152765
0.182153
0.567204
0.926863
0.81056
0.790065
0.45
0.2
0.19
0.9
0.63
0.31
0.85
0.05
0.61
0.430006
0.300635
0.324434
0.126797
0.607179
0.357421
0.917285
0.385714
0.342907
0.652954
0.113098
0.653275
0.422731
0.682438
0.606353
0.347283
0.161218
0.26048
0.760167
0.51
0.95
0.94
1
0.38
0.42
0.44
0.44
0.5
0.13
0.950382
0.750563
0.844768
0.926544
0.226517
0.606915
0.00748742
0.765796
0.602624
-0.037339
0.672544
0.471978
0.446332
0.111536
0.140765
0.790362
0.310333
0.560102
0.66
0.21
0.46
0.68
0.88
0.4
0.52
0.02
0.82
0.73
0.290383
0.0804077
0.820765
0.684318
0.265791
0.126259
0.44663
-0.0231254
0.836828
0.946462
0.596098
0.750357
0.400774
0.820283
0.440244
0.650166
0.800166
0.91
0.85
0.33
0.12
0.12
0.78
0.45
0.93
0.69
0.59
0.39
0.620186
0.930396
0.650538
0.210807
0.870914
0.820993
0.29108
0.911007
0.120671
0.260186
0.980277
0.740204
0.920082
0.75008
0.820158
0.580166
0.0500983
0.44
0.82
0.94
0.81
0.44
0.91
0.51
0.07
0.46
0.69
0.75
0.01
0.0300061
0.0101217
0.780195
0.570255
0.94036
0.240339
0.870265
0.650313
0.190116
0.83
0.79
0.430038
0.21008
0.680048
0.59
0.12
0.51
0.44
0.51
0.29
0.39
0.92
0.31
0
0.94
0
0.1
0.75
0.06
0.61
0.15
0.690192
0.0802115
0.110211
0.400211
0.420138
0.51
0.91
0.24
0.6
0.46
0.88
0.62
0.37
0.7
0.39
0.94
0.55
0.91
0.58
0.24
0.07
0.66
0.47
0.87
0.22
0.69
0.39
0.45
0.290211
0.640211
0.820211
0.610211
0.220007
0.83
0.41
0.63
0
0.45
0.06
0.4
0.69
0.01
0.5
0.04
0.22
0.14
0.61
0.43
