0.85
0.34
0.35
0.99
0.01
0.58
0.72
0.72
0.93
0.63
0.78
0.39
0.8
0.52
0.14
0.22
0.08
0.47
0.59
0.2
0.19
0.5
0.05
0.39
0.25
0.28
0.63
0.87
0.64
0.65
0.17
0.06
0.03
0.87
0.88
0.89
0.319317
0.268422
0.238247
0.448324
0.448374
0.778361
0.588332
0.758534
0.949313
0.260008
0.900008
0.430008
0.980007
0.260003
0.35
0.58
0.2
0.44
0.15
0.9
0.56
0.04
0.61
0.77
0.86
0.35
0.86947
0.28843
0.158258
0.468457
0.42876
0.939115
0.0693128
0.209709
0.249648
0.120155
0.639821
0.000606118
0.851051
0.450461
0.51002
0.330008
0.630003
0.41
0.16
0.26
0.56
1
0.27
0.71
0.76
0.03
4.80468e-05
0.989625
0.5485
0.588452
0.358739
0.059557
0.527457
0.126747
0.443308
0.303306
0.139122
0.010148
0.0607175
0.370256
0.14002
0.929879
0.229525
0.520074
8.99104e-06
0.360002
0.11
0.25
0.96
0.5
0.74
0.43
0.95
0.070024
0.61023
0.228657
0.738577
0.866413
0.263629
0.569372
0.772298
0.333471
0.25344
0.262526
0.761571
0.507489
0.337432
0.393699
0.649955
0.446922
0.646288
0.640325
0.14006
0.410005
0.88
0.44
0.69
0.89
0.49
0.22
0.92
0.530084
0.920192
0.566695
1.0661
0.606139
0.887971
0.802818
0.133396
-0.0368411
0.842855
0.852322
0.38117
0.170924
0.127489
0.148471
0.224313
0.809727
0.745298
0.530409
0.450167
0.350005
0.33
0.4
0.25
0.28
0.28
0.83
0.07
0.990066
0.220172
1.00916
0.378643
0.833186
0.652406
0.883089
0.732768
0.361991
0.7476
0.870283
0.160616
0.689699
0.690408
0.607108
0.727902
0.933864
1.02842
0.370375
0.56017
0.360003
0.95
0.25
0.2
0.58
0.57
0.4
0.52
0.72002
0.0303014
0.605437
0.994666
0.4509
0.341357
0.792999
0.288993
0.915244
0.220079
0.159336
0.280129
-0.10844
-0.0523524
0.08138
-0.083135
0.688762
0.85403
0.250178
0.8101
0.940006
0.9
0.76
0.51
0.6
0.91
0.39
0.45
0.120028
0.820275
0.143792
0.840895
0.381534
0.141205
0.942466
0.729245
0.538239
0.0481971
0.178203
0.488273
-0.0693579
0.771626
0.191056
-0.179116
0.118439
0.0797211
0.0501749
0.890125
0.0500153
0.68
0.58
0.84
0.92
0.62
0.96
0.56
0.0300637
0.310183
0.130882
0.708151
0.501503
0.74122
0.209024
0.878499
0.058285
0.398316
0.588353
0.728401
0.408943
-0.138157
0.406241
0.0209764
0.498348
0.796446
0.350173
0.820154
0.810016
0.530007
0.62
0.17
0.51
0.73
0.88
0.96
0.66007
0.660131
0.403086
0.492023
0.842462
0.267782
0.839869
0.258598
0.728486
0.658367
0.618219
0.548888
1.01055
0.383024
0.161383
-0.00795274
0.286981
0.92807
0.350168
0.390156
0.390016
0.650015
0
0.3
0.28
0.4
0.29
0.230016
0.820083
0.0201845
0.162973
-0.118122
0.899841
0.150605
0.595007
0.401011
0.450417
0.63045
0.990541
0.490523
0.330583
0.103137
0.122592
0.472143
0.669542
0.456377
0.277742
0.220132
0.350016
0.470016
0.63
0.29
0.46
0.94
0.39
0.740053
0.470102
0.610317
0.562872
-0.0685305
0.0795249
0.52037
1.05021
1.04167
0.46092
0.460377
0.660419
0.110412
0.620433
-0.0866809
-0.00586727
0.832247
0.829698
0.489616
0.815872
0.0700694
0.960016
0.500016
0.11
0.96
0.44
0.52
0.92
0.49007
0.860161
0.390335
0.0627536
0.466986
0.781618
0.910241
0.930328
0.374868
0.411799
0.751793
0.241371
0.631739
0.0220241
0.154534
0.284654
0.600392
0.699782
0.919227
0.47817
0.337599
0.100016
0.37001
0.02
0.1
0.71
0.21
0.86
0.900095
0.970298
0.440331
-0.117277
0.642802
0.199292
0.886698
1.03992
0.277126
0.201543
0.109241
0.870563
0.250577
0.260592
0.661948
0.737804
0.354613
0.176306
0.638593
0.93814
0.436689
0.810021
0.99
0.52
0.1
0.07
0.78
0.63
0.570082
0.640325
0.300331
0.122741
0.282636
0.883901
0.898682
0.578717
0.149638
0.57946
0.950281
0.980286
1.03025
0.387276
0.712668
0.832797
0.232063
1.05258
0.57856
0.388158
0.989098
0.790023
0.610005
0.18
0.47
0.96
0.31
0.24
0.500065
0.82029
0.640294
0.0527116
0.552498
0.449799
1.02923
0.549797
0.559978
0.600101
1.04014
0.890144
0.840099
0.140059
0.172532
0.742813
0.513098
0.468687
1.00852
0.838136
0.198051
0.420014
0.860014
0.84
0.79
0.75
0.04
0.82
0.050063
0.19029
0.330295
-0.177278
0.162547
-0.0863476
0.545533
0.107326
0.37013
0.410161
0.479844
0.335492
0.530146
0.0969172
0.842459
0.572917
0.239769
0.209958
0.658433
1.05815
0.127315
0.400014
0.250008
0.5
0.83
0.35
0.17
0.74
0.070034
0.290284
0.930296
0.48273
0.143239
0.643882
0.351786
0.430468
1.01038
0.0600107
0.793888
0.620497
0.0103005
0.492905
0.00559162
0.193419
0.921191
0.561031
0.368687
0.918445
0.738218
0.67
0.88
0.72
0.14
0
0.74
0.72
0.0300056
0.170177
0.550295
0.552739
-0.146567
0.342909
0.0395684
0.228192
0.52798
0.63856
0.618777
0.773675
0.720099
0.300698
0.42185
0.243436
0.821106
0.970857
0.528606
0.228439
0.518168
0.329317
0.31
0.04
0.33
0.38
0.79
0.13
0.290005
0.38005
0.100291
0.0786194
0.602659
0.00293262
-0.181064
0.103303
0.567785
0.277541
0.517521
0.18457
-0.128232
0.660278
0.761507
0.173429
0.170893
1.00709
0.0885044
0.728378
0.688168
0.0882429
0.43
0.78
0.51
0.52
0.75
0.3
0.800007
0.800015
0.690157
0.392038
-0.0466585
0.372941
0.313095
0.72306
0.51599
0.570019
0.450024
0.0100382
0.0300491
0.0604429
0.751385
-0.102157
0.585093
0.850005
0.508427
0.188394
0.398187
0.0481849
0.76
0.85
0.65
0.96
0.99
0.11
0.550007
0.800007
0.07002
0.300161
0.732731
-0.155283
0.794744
0.314775
0.0336828
0.0669858
0.171486
0.211489
0.241476
0.621302
0.714123
0.850018
0.0300184
0.309428
0.328476
0.908391
0.298187
0.958168
0.42
0
1
0.77
0.8
0.9
0.330004
0.870007
0.490012
0.480025
0.170216
0.233067
0.194472
-0.185496
0.294531
-0.0654772
-0.0754772
-0.00550493
0.0144167
0.439846
0.0501975
0.200177
0.289509
0.168481
0.598444
0.558413
0.208184
0.588943
0.24
0.2
0.17
0.94
0.35
0.5
0.22
0.06
0.070004
0.900036
0.900055
0.32037
0.440773
0.241516
0.651941
0.841948
0.76195
0.00195978
0.0819454
0.251927
0.471924
0.241269
0.4803
0.220249
0.830248
0.910146
0.15
0.31
0.34
0.79
0.39
0.56
0.59
0.98
0.41
0.69
0.360002
0.680021
0.450041
0.120041
0.610041
0.240127
0.140265
0.120295
0.200295
0.490292
0.120292
0.890292
0.800264
0.980212
0.31021
0.38021
0.190124
0.82
0.32
0.86
0.73
0.27
0.05
0.68
0.32
0.11
0.5
0.84
0.39
0.78
0.57
0.62
0.38
0.09
0.99
0.95
0.23
0.68
0.41
0.84
0.08
0.43
0.62
0.84
0.99
0.66
0.63
0.76
0.15
0.33
0.16
0.28
0.24
0.58
0.33
0.64
0.41
0.25
0.34
0.51
0.83
0.51
0.61
0.56
0.54
0.46
0.38
0.62
0.91
0.99
0.25
0.32
0.42
0.74
0.42
0.27
0.75
0.71
0.88
0.97
