0
0
0
0
0
0
0
0
0
0
0
0
0
0
0
0
0
0
0
0
0
0
0
0
0
0
0
0
0
0
0
0
0
0
0
0
0
0
0
0
0
0
0
0
0
0
0
0
0
0
0
0
0
0
0
0
0
0
0
0
0
0
0
0
0.282353
0.87451
1
1
1
1
1
0.87451
0.376471
0
0
0
0
0
0
0
0
0
0
0
0
0
0
0
0
0.282353
0.87451
1
1
1
1
1
1
1
1
1
1
0.87451
0.376471
0
0
0
0
0
0
0
0
0
0
0
0
0
0.282353
0.937255
1
1
1
1
1
1
1
1
1
1
1
1
0.968627
0
0
0
0
0
0
0
0
0
0
0
0
0
0.905882
1
1
1
1
1
0.592157
0
0
0
0.470588
1
1
1
1
0.376471
0
0
0
0
0
0
0
0
0
0
0
0
1
1
1
0.74902
0
0
0
0
0
0
0
0
0.968627
1
1
0.968627
0
0
0
0
0
0
0
0
0
0
0
0
0.968627
1
1
0.968627
0
0
0
0
0
0
0
0
0.470588
1
1
1
0
0
0
0
0
0
0
0
0
0
0
0
0.470588
1
1
1
0.376471
0
0
0
0
0
0
0
0
1
1
1
0
0
0
0
0
0
0
0
0
0
0
0
0
0.968627
1
1
0.968627
0.376471
0
0
0
0
0
0
0
1
1
1
0
0
0
0
0
0
0
0
0
0
0
0
0
0.470588
1
1
1
0.968627
0.376471
0
0
0
0
0.282353
0.87451
1
1
1
0
0
0
0
0
0
0
0
0
0
0
0
0
0
0.470588
1
1
1
1
1
1
0.87451
0.529412
0.937255
1
1
1
0.654902
0
0
0
0
0
0
0
0
0
0
0
0
0
0
0
0.470588
1
1
1
1
1
1
1
1
1
1
0.654902
0.0313725
0
0
0
0
0
0
0
0
0
0
0
0
0
0
0
0
0.470588
1
1
1
1
1
1
1
1
0.74902
0
0
0
0
0
0
0
0
0
0
0
0
0
0
0
0
0
0
0
0
0
0
0.623529
1
1
1
1
0.968627
0.376471
0
0
0
0
0
0
0
0
0
0
0
0
0
0
0
0
0
0
0
0
0.282353
0.937255
1
1
1
1
1
0.968627
0.376471
0
0
0
0
0
0
0
0
0
0
0
0
0
0
0
0
0
0
0
0.905882
1
1
1
0.780392
1
1
1
0.968627
0
0
0
0
0
0
0
0
0
0
0
0
0
0
0
0
0
0
0.282353
1
1
1
0.592157
0
0.623529
1
1
1
0
0
0
0
0
0
0
0
0
0
0
0
0
0
0
0
0
0
0.905882
1
1
1
0
0
0.905882
1
1
1
0
0
0
0
0
0
0
0
0
0
0
0
0
0
0
0
0
0
1
1
1
0.592157
0
0.282353
1
1
1
0.592157
0
0
0
0
0
0
0
0
0
0
0
0
0
0
0
0
0
0
1
1
1
0.282353
0.87451
1
1
1
1
0
0
0
0
0
0
0
0
0
0
0
0
0
0
0
0
0
0
0
1
1
1
1
1
1
1
1
0.592157
0
0
0
0
0
0
0
0
0
0
0
0
0
0
0
0
0
0
0
0.968627
1
1
1
1
1
1
0.592157
0
0
0
0
0
0
0
0
0
0
0
0
0
0
0
0
0
0
0
0
0.470588
1
1
1
1
0.592157
0
0
0
0
0
0
0
0
0
0
0
0
0
0
0
0
0
0
0
0
0
0
0
0
0
0
0
0
0
0
0
0
0
0
0
0
0
0
0
0
0
0
0
0
0
0
0
0
0
0
0
0
0
0
0
0
0
0
0
0
0
0
0
0
0
0
0
0
0
0
0
0
0
0
0
0
0
0
0
0
0
0
0
0
0
0
0
0
0
0
0
0
0
0
0
0
0
0
0
0
0
0
0
0
0
0
0
0
0
0
0
0
0
0
0
0
0
0
0
0
0
0
0
0
