0.41
0.85
0.72
0.38
0.8
0.69
0.65
0.68
0.96
0.22
0.490001
0.670001
0.510001
0.610001
0.63
0.87
0.66
0.24
0.8
0.83
0.71
0.6
0.64
0.52
0.9
0.6
0.49
0.31
0.23
0.99
0.94
0.11
0.25
0.24
0.51
0.15
0.129958
0.348021
0.552859
0.846762
0.0760362
0.742642
0.215105
0.489033
1.12995
0.293608
1.03361
0.463608
0.839352
0.0430452
0.95
0.71
0.39
0.33
0.39
0.32
0.37
0.45
0.57
0.71
0.936345
0.00777262
0.647082
0.10786
0.690801
0.00890135
0.53192
0.629001
0.722197
0.140988
0.64272
0.634702
0.356476
0.696693
0.35882
1.04782
0.659605
1.05032
0.563595
0.13
0.35
0.99
0.46
0.57
0.71
0.23
0.17
0.03
0.894984
0.389867
0.580247
-0.0690965
0.685742
0.19407
0.938146
0.113494
0.328316
0.293269
-0.165012
0.676407
0.776904
0.00673429
0.934858
0.695433
0.807549
0.422001
0.500638
0.87947
0.6
0.65
0.72
0.61
0.58
0.84
0.08
0.720246
0.104642
0.102209
0.33622
0.538932
0.550738
0.456972
0.202545
-0.0453113
-0.191185
-0.231161
-0.120492
-0.0985177
0.633598
0.146439
0.691609
0.377389
0.743592
0.144532
0.394921
1.07155
1
0.93
0.29
0.25
0.04
0.66
0.79
0.790032
0.997253
0.228719
0.918199
0.482099
0.558716
-0.262809
0.174942
0.462519
-0.264929
-0.698566
-0.19815
0.242088
0.756488
0.442573
0.65565
0.549129
0.485488
0.973428
0.595533
0.444842
0.35
0.19
0.22
0.01
0.67
0.09
0.9
0.257998
0.809049
0.22139
0.427924
0.667535
0.456792
0.395479
0.259575
-0.269055
0.324543
0.360987
0.0949291
0.335763
0.248361
0.508065
0.126306
0.56309
0.610095
0.621366
0.938918
0.522083
0.04
0.61
0.31
0.98
0.69
0.52
0.848902
0.0909635
0.71702
0.486513
0.252133
0.502607
0.313708
0.243948
-0.0639447
-0.0185267
0.408048
-0.351074
0.514217
0.694836
0.418056
0.701871
0.378271
0.731977
0.680586
0.821609
0.535748
-0.00834381
0.21
0.72
0.24
0.09
0.75
0.51
0.180927
0.37783
0.737859
-0.172511
0.0920747
-0.278089
0.0286762
0.35039
0.055361
0.806859
0.772644
0.937444
0.498202
0.480398
0.49189
0.199706
0.0514947
0.723237
0.661985
0.141641
-0.040118
0.570411
0.67
0.98
0.42
0.08
0.32
0.57
0.193751
0.0589199
-0.0616927
0.107439
0.430571
-0.0808476
-0.0412329
0.00047939
-0.150188
-0.0144485
0.766285
0.98823
0.214233
0.591878
-0.0103692
0.234025
-0.00562973
0.974585
0.0273498
0.268585
-0.00426852
0.0112743
0.72707
0.86
0.96
0.03
0.85
0.43
0.613751
0.777061
-0.0936273
0.171465
-0.0479531
0.154026
-0.0836742
0.51123
0.175926
0.200349
0.527737
0.4648
0.422414
0.365115
0.0968798
0.115817
0.695278
0.34409
0.84795
0.0972196
0.267391
0.0312743
0.082803
0.51
0
0.86
0.68
0.158471
0.389361
0.673562
-0.19762
-0.189134
0.0695498
-0.640354
-0.203526
0.195552
0.189775
0.137209
0.425147
0.798509
0.5958
0.055044
0.682168
0.343384
0.616837
0.233215
0.219722
0.557442
0.322739
0.161274
0.271274
0.8
0.35
0.86
0.06
0.600927
0.199669
0.290281
0.336271
-0.201506
0.318651
-0.0926309
-0.364129
-0.29298
-0.00924922
0.255292
0.637405
0.749253
0.326939
0.44024
-0.0643929
-0.202912
0.650945
-0.013202
0.650152
0.296824
0.489321
0.351274
0.761274
0.48
0.63
0.63
0.25
0.373751
0.224546
0.597351
0.386663
-0.315457
0.327628
-0.508994
0.448651
-0.0365123
0.409319
0.187007
0.15307
0.435686
0.456353
0.512941
-0.266704
-0.28847
0.463378
0.113974
-0.109083
0.835486
0.139101
0.661274
0.188089
0.69
0.44
0.18
0.288471
0.523751
0.056334
0.559624
-0.299304
-0.386794
-0.25951
0.41045
0.650475
0.215681
0.27933
0.356778
0.0364654
0.189977
0.475283
0.763525
0.154887
0.4066
0.17915
0.422506
0.0186383
0.989578
0.4091
0.033172
0.138471
0.76
0.32
0.41
0.903319
0.533751
0.220313
-0.21998
-0.451958
-0.540799
-0.4522
-0.0101669
0.307218
0.662634
0.374022
0.207285
0.712123
0.550132
0.899707
0.704627
0.207232
0.777606
0.137518
0.0124783
-0.11086
0.0561574
0.23305
0.263217
0.161898
0.26
0.39
0.59
0.654118
0.0237506
0.326157
-0.37177
-0.364265
0.324869
0.119999
0.195081
0.882504
0.373435
0.156494
0.471449
-0.168445
0.0716768
0.0340325
0.873158
0.212985
0.285788
0.564108
-0.176559
0.287425
0.133966
0.3698
0.184728
0.60207
0.14
0.82
0.28
0.24
0.294118
0.846645
0.17823
-0.478895
-0.292982
0.532978
0.206461
0.513057
0.0635691
0.806451
0.428756
0.426725
-0.294611
0.568512
0.488596
0.497701
0.341133
0.0916972
0.354884
-0.212429
0.314148
1.11483
0.114728
0.570172
0.79
0.41
0.36
0.81
0.25
0.154446
0.261667
-0.152882
0.231352
-0.138951
-0.394424
0.731843
0.556315
0.784088
0.235131
0.737959
0.610812
0.815595
0.947436
1.0021
0.594345
0.566114
-0.221069
0.551897
0.691622
0.666505
0.89
0
0.76
0.81
0.34
0.66
0.01
0.0550919
0.231717
-0.747086
-0.397042
-0.635904
-0.183472
0.0765657
-0.21301
0.445145
0.041017
0.0167886
0.74952
-0.0694909
0.0405813
-0.00574625
0.568193
0.111632
0.284192
0.0105594
0.327401
0.52989
0.869959
0.1
0.65
0.42
0.25
0.47
0.41
0.294919
0.491329
-0.0107312
0.136352
-0.438917
-0.332141
0.69624
-0.0398025
0.491386
-0.270434
0.347279
0.621329
0.454068
-0.1507
0.806777
0.683755
0.839927
0.32788
-0.0477375
0.841057
0.48989
0.399893
0.89
0.04
0.45
0.27
0.09
0.34
0.822932
0.529474
-0.426751
-0.539904
0.0215829
-0.197846
-0.15195
-0.19272
-0.295874
-0.151222
-0.247259
-0.131462
-0.534164
0.365558
0.232782
0.514507
1.05545
0.829359
-0.187679
0.0721658
0.54989
0.68989
0.14
0.26
0.59
0.77
0.73
0.08
0.213151
0.723253
-0.147752
0.531482
0.324431
-0.00276321
0.300821
0.0372072
-0.0781827
0.572176
0.203322
0.237592
0.0839156
-0.389287
-0.384494
0.464661
0.413723
0.611257
0.0174825
0.436643
0.34989
0.60989
0.16
0.48
0.41
0.21
0.67
0.74
0.921531
0.0432534
-0.101728
0.704673
0.0191398
0.454744
-0.0941352
0.680679
0.304259
0.000266808
-0.420827
-0.393933
-0.383539
0.151833
-0.0432492
0.714279
0.253184
0.100918
0.575236
0.658894
0.25989
0.469935
0.32
0.73
0.82
0.3
0.14
0.61
0.21
0.92
0.313229
-0.15164
-0.199843
0.0440928
0.362114
0.265248
-0.261916
-0.1873
-0.280438
0.19157
0.332182
0.00272387
0.172764
0.564224
0.632259
0.170164
0.122886
0.961429
0.32
0.55
0.69
0.46
0.61
0.03
0.44
0.67
0.5
0.44
0.758285
-0.0146354
0.360991
0.1109
0.129763
-0.0813925
0.544611
0.714842
-0.163854
0.187317
0.391091
0.290983
-0.0292627
0.134097
-0.080517
0.546077
0.430751
0.932933
0.44
0.06
0.16
0.38
0.03
0.41
0.43
0.56
0.26
0.24
0
0.09
0.9
0.36
0.49606
0.12565
0.41565
0.87565
0.867151
0.66
0.32
0.28
0.73
0.94
0.52
0.11
0.35
0.47
0.09
0.87
0.37
0.57
0.15
0.56
0.38
0.95
0.06
0.43
0.23
0.3
0.84
0.39
0.87565
0.68565
0.0456501
0.33565
0.809864
0.93
0.86
0.02
0.77
0.1
0.28
0.3
0.97
0.68
0.14
0.12
0.88
0.01
1
0.35
