0.66
0.78
0.16
0.42
0.76
0.69
0.16
0.4
0.64
0.59
0.440008
0.570009
0.240009
0.880009
0.65
0.01
0.38
0.64
0.63
0.12
0.47
0.02
0.29
0.35
0.56
0.63
0.11
0.07
0.99
0.81
0.4
0.58
0.43
0.4
0.8
0.06
0.330185
0.0656142
0.257308
0.0909806
-0.0111488
-0.124183
0.292729
0.376943
0.134479
0.185873
0.495873
0.495873
0.292587
0.829918
0.7
0.54
0.66
0.72
0.19
0.29
0.65
0.93
0.81
0.08
0.300261
0.237006
0.148922
0.522467
0.893335
0.821579
-0.0572249
0.209847
0.29365
0.479689
0.00215212
0.354494
0.66761
0.417667
0.36
0.0310364
1.03381
0.882612
0.660038
0.93
0.52
0
0.86
0.59
0.47
0.47
0.19
0.45
0.396747
-0.141343
0.32669
0.407586
0.698645
0.00423164
0.617773
0.449943
0.170562
0.173147
-0.223434
-0.0738373
0.0340293
0.510491
-0.176828
-0.10157
0.672942
0.662134
0.311102
0.559142
0.18
0.04
0.73
0.27
0.01
0.72
0.15
0.0695086
0.478485
0.145615
0.312395
-0.0877125
0.307192
0.461206
0.0993359
0.00223415
-0.110981
0.315277
0.60803
0.299733
-0.104995
0.413076
0.0716391
-0.371814
-0.072182
0.100597
1.02189
0.520708
0.1
0.37
0.33
0.31
0.92
0.51
0.36
0.0106152
0.39202
0.0711852
0.0569828
0.506563
-0.0237707
0.119945
0.61149
-0.213438
0.0600379
0.617427
0.120563
-0.236943
-0.126457
-0.0983641
0.513015
-0.257443
0.525826
0.345481
0.472693
0.66397
0.81
0.31
0.39
0.64
0.15
0.22
0.69
0.922289
0.674602
0.108302
-0.163163
0.253499
-0.0117282
-0.207644
0.683517
0.214328
1.00971
0.246218
1.16028
0.141128
0.63056
0.292351
0.135905
0.733765
0.581384
0.924633
1.12783
0.291566
0.28
0.06
0.57
0.95
0.43
0.49
0.379736
0.674471
0.224741
0.461217
-0.0806557
0.966104
0.313967
0.575274
0.876142
0.966377
0.377539
0.956542
1.25873
0.707375
1.26087
0.626578
0.74668
0.786688
0.19554
0.330774
0.681946
0.429988
0.96
0.92
0.6
1
0.68
0.56
0.469413
0.395405
0.0913406
0.735138
0.67527
0.210392
0.679671
0.118156
0.596422
0.0820402
0.538725
0.49116
0.921745
0.922085
1.02578
0.652568
0.197443
0.676483
0.158173
0.917558
0.209564
0.759948
0.08
0.53
0.47
0.36
0.62
0.65
0.369352
0.572778
0.890882
0.850286
0.888183
0.580854
0.650405
0.0437655
-0.300246
-0.146657
0.803748
0.431728
0.759937
0.114228
0.205941
0.757705
0.22762
0.367808
0.636545
0.930136
0.946079
0.289967
0.929985
0.08
0.35
0.39
0.51
0.89
0.449352
0.0244613
0.500676
0.370581
0.18199
-0.215789
0.0932212
-0.191036
-0.0307445
0.517791
0.883794
0.803282
0.602768
0.533137
0.971711
0.295637
0.725517
0.603693
-0.12909
0.568459
0.486181
0.419967
0.0899682
0.62
0.69
0.41
0.11
0.549817
0.758969
0.496431
0.191606
0.743942
0.63763
-0.246972
-0.0184871
-0.131457
0.427894
0.708701
0.283837
0.000115396
0.374506
0.0486872
0.765378
-0.0678802
0.842961
0.839031
0.480532
0.0743314
0.87475
0.0499672
0.449967
0.23
0.87
0.48
0.69
0.949413
0.713958
0.457513
0.383462
0.126151
-0.0483042
-0.0739927
0.396406
0.89057
0.790614
-0.040109
0.0734088
0.462296
0.135638
0.458049
0.162776
-0.0201501
0.299763
0.172291
0.564429
0.388074
0.968342
0.149967
0.699967
0.47
0.59
0.74
0.28
0.369352
0.614584
0.286263
-0.0366796
0.226653
0.143603
-0.252566
0.116834
0.249233
0.0658237
-0.400007
0.655949
0.264144
0.0693909
0.277225
-0.0473245
0.544997
0.545261
-0.14691
0.627976
0.0453804
0.946391
0.599967
0.909978
0.15
0.92
0.43
0.629817
0.299352
0.768541
0.0729237
0.705399
-0.208378
-0.0457744
-0.0673143
0.156051
0.323696
0.508561
0.517673
0.20874
0.336479
0.355393
-0.028526
-0.150002
0.143376
-0.0465405
0.119178
-0.175961
0.155783
0.402471
0.929982
0.699999
1
0.6
0.75
0.879433
0.119352
0.924374
0.0424053
0.0802902
0.308619
0.124687
0.520126
0.526035
-0.113708
0.647179
0.497345
0.610674
0.433368
0.549386
-0.0439528
-0.00665472
0.164784
0.649458
0.08448
0.606212
0.341246
0.464038
0.68002
0.470015
0.83
0.67
0.59
0.379695
0.0293516
0.771458
0.616091
0.534298
0.0305503
-0.198398
0.662894
0.718192
0.310149
0.764435
0.444294
0.425757
0.265322
0.682115
0.210434
-0.250086
-0.276078
0.0111791
0.51193
-0.273417
0.445969
0.948611
0.91004
0.610039
0.59
0.98
0.98
0.72
0.929695
0.803723
-0.0639093
0.226581
0.151546
0.66771
0.752957
0.454218
0.326333
0.517703
0.367703
0.527452
-0.047975
-0.068775
0.326569
0.332947
0.561772
0.424672
0.561131
-0.184234
0.724035
0.461919
0.25004
0.760024
0.64
0.83
0.38
0.33
0.06
0.839853
0.0963677
0.138858
-0.0318052
-0.0163002
0.67675
0.458071
1.13189
0.426733
0.991323
0.884298
0.224669
0.759456
-0.21808
0.292628
0.619102
0.784407
0.0664994
0.406672
0.310351
0.421334
0.49
0.76
0.66
0.03
0.02
0.27
0.1
0.0466683
0.46292
0.19297
0.734766
0.700505
0.625739
0.878442
0.401131
0.218873
0.611437
0.763561
0.417255
0.692609
0.682097
0.528727
0.879598
0.21535
0.968055
-0.112417
0.387153
0.61393
0.810185
0.19
0.24
0.09
0.6
0.85
0.35
0.154529
0.837468
0.730202
0.919581
0.224145
0.893524
0.897187
0.618121
0.99999
0.583046
0.0522181
0.845629
0.164828
0.833101
0.955103
0.648844
0.17548
0.347113
-0.081823
0.738582
0.36393
0.434748
0.74
0.71
0.16
0.08
0.2
0.23
0.109335
0.220584
0.247426
0.70398
0.470687
0.420823
0.102469
0.745256
0.858618
0.549289
-0.22506
0.250639
-0.0416435
0.34584
0.496645
0.371172
0.723244
0.237975
0.566965
0.219787
0.59393
0.0239297
0.59
0.74
0.61
0.56
0.05
0.95
0.133752
0.330958
0.623914
0.447311
0.455103
0.179813
0.695367
0.62223
0.183502
0.706218
0.606329
0.231366
0.3522
0.215654
0.837652
0.283507
0.358263
0.419252
0.438676
0.666211
0.77393
0.28393
0.63
0.63
0.77
0.28
0.5
0.71
0.418098
0.0509581
0.467046
0.327771
0.322774
0.15864
-0.168702
0.368955
0.00935693
-0.012748
0.555956
0.421077
0.473289
0.687142
0.134688
0.581364
0.130324
0.567854
0.262546
0.239557
0.70393
0.464562
0.97
0.44
0.98
0.04
0.34
0.11
0.15
0.88
0.643463
0.465751
0.929227
-0.0170208
-0.127146
0.0257742
0.347067
0.0975149
-0.000412712
0.245378
1.05806
0.856799
0.74829
0.445948
0.980542
0.498278
0.588113
1.05916
0.8
0.69
0.33
0.57
0.84
0.21
0.17
0.48
0.12
0.5
0.80994
0.812201
0.218831
0.722612
0.45896
0.516642
0.503921
0.867543
0.167404
0.0783622
0.531054
0.0136677
0.971489
0.630432
0.810423
0.241562
0.975163
1.01984
0.5
0.61
0.36
0.39
0.54
0.69
0.98
0.23
0.99
0.83
0
0.94
0.99
0.29
0.0361551
0.395366
0.455366
0.505366
0.0149259
0.25
0.79
0.26
0.11
0.67
0.93
0.58
0.49
0.61
0.58
0.34
0.88
0.04
0.92
0.63
0.44
0.09
0.71
0.09
0.57
1
0.96
0.76
-0.074634
0.125366
0.875366
0.705366
-0.00359636
1
0.68
0.59
0.39
0.44
0.94
0.72
0.83
0.72
0.19
0.1
0.82
0.74
0.25
0.5
