0.52
0.17
0.91
0.64
0.63
0.88
0.83
0.55
0.42
0.51
0.434864
0.475369
0.445369
0.615369
0.11
0.95
0.55045
0.560827
0.340519
0.89
0.81
0.64
0.27
0.21
0.66
0.93
0.84
0.96
0.67
0.42
0.82
0.38
0
0.21
0.75
0.6
0.83
0.162695
0.847128
0.343314
0.569185
0.218381
0.599863
0.589667
0.919824
0.408459
0.308424
0.937355
0.176432
0.00300593
0.71
0.98
0.05
0.77
0.73
0.74
0.98
0.57
0.7
0.59
0.789947
0.972559
0.298244
0.329515
0.55487
0.494395
0.0758683
0.668583
1.12648
0.512872
1.07607
0.684903
0.835703
0.682347
0.523073
0.829778
0.787709
0.907361
0.95348
0.34
0.21
0.16
1
0.92
0.37
0.7
0.38
0.54
0.579138
0.840975
0.677671
0.718779
0.326344
0.391842
0.384542
0.647098
1.37247
1.11438
1.34742
1.68755
0.410721
1.05957
0.675413
0.064465
0.352465
0.163844
0.75662
0.649926
0.39
0.05
0.79
0.72
0.22
0.87
0.76
0.0104154
0.190424
0.572866
0.712059
1.07751
1.05262
0.515709
1.0256
1.01995
1.31146
1.51955
1.28417
0.896939
1.28767
0.46044
0.602104
0.238797
0.90415
0.160864
0.356055
0.809809
0.23
0.96
0.46
0.63
0.78
0.55
0.73
0.921267
0.134609
0.467823
0.647568
0.963083
1.184
0.678263
1.33238
1.4391
1.54385
1.64133
1.70868
1.17154
0.738734
0.973387
1.07753
1.20367
0.897174
0.553748
0.731201
0.809802
0.95
1
0.23
0.11
0.83
0.02
0.45
0.94063
0.903752
0.559332
1.00929
0.402505
0.832766
0.596604
1.17819
1.20977
1.53533
0.816177
0.235051
0.374964
0.989759
1.21193
0.669833
0.512144
0.266901
0.349575
0.607063
0.119883
0.04
0.61
0.48
0.18
0.14
0.52
0.1
0.989968
0.354436
0.968018
0.384655
0.544547
0.682764
1.17433
0.664329
0.658903
1.43223
0.76323
0.751013
0.680717
0.884165
0.616878
0.697355
0.533425
0.59326
0.253275
0.0342638
0.36
0.47
0.67
0.75
0.61
0.7
0.65
0.54
0.870001
0.412517
0.259287
0.46863
0.2226
0.89828
1.41613
0.870782
1.12321
1.04348
0.374111
0.869828
0.647555
0.620476
0.984085
1.08933
1.12447
0.249735
0.633883
0.507219
0.19
0.01
0.43
0.9
0.42
0.27
0.95
0.59
0.771687
0.981444
0.766609
0.337812
1.1822
1.1565
1.42468
0.908986
1.10905
0.105721
0.166912
0.812589
0.470832
0.519419
0.550562
1.26492
0.40828
0.326944
1.02649
0.201653
0.53
0.53
0.89
0.38
0.85
0.01
0.19
0.94
0.905412
0.502889
0.970229
0.232217
1.11277
0.697666
1.12672
1.51098
0.241714
0.312256
0.345755
1.33627
0.761189
0.716228
0.610138
0.475606
0.625892
0.120333
0.555007
0.588812
0.78
0.52
0.29
0.99
0
0.47
0.84
0.48
0.135788
1.00199
1.00346
0.949358
1.38188
0.897974
0.955005
0.494157
0.344806
0.7481
0.482485
0.937783
1.44383
0.93707
1.10492
0.690077
0.421916
0.367524
0.910814
0.364373
0.68
0.35
0.79
0.65
0.91
0.16
0.86
0.77
0.922814
0.986147
0.332829
1.03541
1.18219
1.50694
1.47192
0.130038
1.00423
0.562847
0.504727
1.19037
1.46685
1.22643
0.533651
0.562601
0.818896
0.512577
0.705734
0.269388
1
0.11
0.58
0.43
0.91
0.79
0.04
0.29
0.089994
0.921007
0.261105
1.41913
0.779816
1.50047
0.191786
1.03492
0.797906
0.951501
0.997114
1.48693
1.67327
1.52585
1.0822
1.02056
1.05313
0.559731
0.104136
0.197156
0.32
0.75
0.52
0.34
0.67
0.88
0.27
0.860001
0.849976
0.991118
0.220977
0.725783
1.06337
0.793692
1.39134
0.93687
1.14221
0.913461
0.692258
1.04233
1.23714
0.815337
1.3887
1.0275
0.891216
1.26736
0.268313
0.957221
0.769967
0.67
0.31
0.26
0.47
0.5
0.82
0.330002
0.479973
0.0542088
0.784628
1.1383
1.29873
0.609511
1.29434
0.560649
0.892873
1.56919
1.21764
1.26225
0.84679
1.59504
0.844518
1.16142
1.06529
1.02446
0.79089
0.90777
0.469914
0.119966
0.32
0.24
0.38
0.57
0.18
0.890002
0.729973
0.479459
0.520038
0.21836
0.960579
0.964961
0.660003
0.834027
0.569769
0.870191
1.37961
1.26397
1.18958
1.16956
0.944622
0.523259
0.860609
1.20239
0.5114
0.79777
0.969911
0.969914
0.25
0.53
0.68
0.74
0.76
0.930002
0.339973
0.674699
0.904524
0.576514
0.760295
0.94564
0.329835
0.586519
0.834275
0.411773
1.22619
0.933327
1.34674
1.12292
0.711371
0.784438
1.1377
0.965188
0.110968
0.953026
0.169911
0.389947
0.99
0.33
0.42
0.17
0.73
0.530002
0.289973
0.075856
1.23973
1.32065
1.02424
0.636398
0.442192
0.770312
0.949967
1.28223
0.897485
1.20777
1.65657
0.603586
0.944833
1.20762
0.679572
0.139058
0.917549
0.853688
0.72
0.56
0.17
0.5
0.19
0.46
0.51
0.610001
0.00997379
0.727105
0.902648
0.857173
1.25121
0.504275
0.838056
0.571362
1.27438
1.06369
1.1143
1.80205
1.71464
0.547532
0.836929
1.13864
1.01538
0.40558
0.443688
0.79
0.53
0.96
0.58
0.79
0.68
0.14
0.65
0.92
0.279985
0.956763
0.752611
0.311963
1.2471
1.12686
0.629834
1.39669
0.974534
1.22459
1.51022
1.79175
1.00053
0.980619
1.00875
0.80273
0.831226
0.189464
0.151176
0.02
0.36
0.25
0.27
0.53
0.89
0.28
0.83
0.37
0.639999
0.58462
0.111468
0.546862
0.968464
0.924045
0.395865
0.627263
1.22175
1.71846
1.63
1.20275
1.14116
1.18097
1.15924
0.799552
0.355356
0.33725
0.393027
0.08
0.88
0.16
0.68
0.43
0.56
0.83
0.67
0.38
0.11
0.611176
0.529481
0.58226
0.368503
0.674641
1.04575
0.749232
1.36669
1.27994
1.06705
0.579529
0.994635
0.912319
0.636314
0.288909
0.3445
0.12301
0.23185
0.34
0.55
0.21
0.17
0.23
0.97
0.05
0.49
0.13
0.46
0.409977
0.502539
0.184171
0.916234
0.248533
0.564824
0.520876
1.37222
0.535435
0.530125
0.579645
1.02742
0.326932
0.582565
0.638823
0.549847
0.929852
0.569987
0.47
0.57
0.68
0.71
0.96
0.21
0.87
0.08
0.04
0.32
0.729989
0.799977
0.063693
0.119867
0.567344
0.53815
0.509726
1.07224
0.83819
0.92232
0.628756
0.387204
0.311929
0.335093
0.00503797
-0.00015294
0.809895
0.209966
0.7
0.02
0.67
0.63
0.97
0.62
0.82
0.93
0.26
0.88
0.06
0.179999
0.829965
0.119935
0.769713
0.629334
0.269513
0.790344
0.171474
0.0323568
0.668002
0.346792
0.409588
0.815093
0.313002
0.189965
0.139965
0.909979
0.66
0.36
0.61
0.77
0.5
0.93
0.38
0.38
0.01
0.42
0.85
0.66
0.53
0.3
0.799285
0.14921
0.34921
0.52921
0.229483
0.800169
0.508402
0.937854
0.130572
0.91
0.2
0.3
0.73
0.9
0.04
0.2
0.87
0.53
0.9
0.69
0.5
0.52
0.87
0.62
0.27
0.95
0.08
0.6
0.79921
0.17921
0.53921
0.42921
0.879975
0.71
0.2
0.12
0.87
0.83
0.74
0.05
0.93
0.96
0.3
0.98
1
0.46
0.69
0.61
