0.92
0.85
0.87
0.64
0.61
0.72
0.95
0.07
0.33
0.31
0.448566
0.668417
0.718417
0.458417
0.97
0.73
0.888942
0.868056
0.528779
0.21
0.91
0.05
0.7
0.35
0.04
0.05
0.43
0.98
0.24
0.74
0.95
0.53
0.03
0.98
0.63
0.01
0.36
0.329205
0.408418
0.467608
0.800985
0.542508
0.766681
0.0757358
0.795047
0.567733
0.987814
0.410328
0.380287
0.970134
0.86
0.22
0.72
0.03
0.31
0.2
0.15
0.54
0.14
0.36
0.680272
0.927349
0.262089
0.95937
0.496664
0.719436
0.327944
0.415268
0.372476
0.81842
0.652994
0.5837
0.627026
0.376114
1.20586
1.03376
0.232932
0.530328
0.210154
0.81
0.7
0.11
0.3
0.17
0.67
0.6
0.54
0.04
0.480125
1.03804
0.535094
1.16198
1.2426
0.489566
0.161377
0.75717
0.623189
0.652435
0.522555
0.89775
0.586793
1.09199
1.24953
0.76796
0.723948
0.58946
0.123764
0.959999
0.73
0.62
0.65
0.85
0.83
0.12
0.19
0.33
0.911818
1.04569
1.10818
0.843329
0.630305
1.28989
1.12615
0.43752
0.457377
1.40183
0.624905
0.526511
0.711405
1.34915
1.00231
0.829921
0.630777
0.945403
1.09357
0.369998
0.88
0.65
0.78
0.73
0.28
0.33
0.85
0.110978
0.443782
0.727857
0.935946
0.412777
0.715965
1.13487
0.966247
1.13808
1.10071
0.580155
1.059
1.05859
1.30321
1.23556
0.965081
1.029
0.610227
0.425309
0.812267
0.679998
0.02
0.5
0.62
0.77
0.82
0.43
0.05
0.0730219
0.836185
0.973259
0.430244
1.10276
0.888251
1.01934
0.418786
0.871043
0.917632
0.550052
1.30359
1.18361
0.353981
0.24988
0.859697
1.23099
1.1466
0.838892
0.700136
0.299999
0.61
0.15
0.18
0.83
0.43
0.44
0.2
0.861627
0.923591
0.120676
0.778663
1.12251
0.542622
0.338554
0.764955
1.02266
0.23298
0.132644
0.172122
0.0258375
0.948424
1.31855
1.00443
1.26107
0.654434
0.528312
0.0823758
0.38
0.29
0.43
0.53
0.17
0.49
0.96
0.16
0.510001
0.0538692
0.890422
0.756276
0.627143
0.34839
0.16275
0.142034
0.424288
0.886817
0.857221
0.334012
0.365835
0.982061
1.16705
1.02874
0.698207
0.597226
0.565354
0.737687
0.22
0.82
0.27
0.18
0.71
0.37
0.27
0.98
0.182572
0.83932
0.663064
0.0250411
0.413988
0.313201
0.210848
0.37846
0.72631
0.981439
0.771761
1.05998
0.189095
0.957059
1.11379
1.17077
0.821467
0.316517
0.0326967
0.0659994
0.36
0.84
0.81
0.51
0.39
0.28
0.65
0
0.342001
0.320065
0.142254
-0.265935
-0.255606
0.00325629
0.276213
0.494277
0.0438487
0.8824
0.792365
0.697943
0.602191
0.781758
1.0748
0.597783
0.735834
0.914035
0.0280206
0.534411
0.68
0.05
0.19
0.4
0.28
0.64
0.02
0.26
0.306569
-0.231946
-0.439367
0.221152
-0.0482839
0.341506
0.683816
0.11516
0.865775
0.735207
0.254642
0.0569414
0.121235
1.09887
0.588636
0.390986
0.350304
0.567187
0.193596
0.219035
0.61
0.3
0.09
0.35
0.81
0.47
0.67
0.84
0.246412
-0.0910549
0.202783
0.304773
0.296456
-0.274262
0.294257
-0.183467
0.586204
0.752431
0.497786
0.717381
0.437406
1.22072
0.924694
0.989653
0.814397
0.225502
0.72577
0.511009
0.19
0.49
0.62
0
0.74
0.06
0.67
0.62
0.672435
0.411948
0.340477
0.0341083
0.0151244
0.161562
0.31543
0.774487
-0.109478
0.834865
0.867254
0.310693
0.844447
0.768938
0.962802
0.961228
0.285388
1.00329
0.822555
0.0751415
0.43
0.78
0.49
0.98
0.22
0.58
0.72
0.560663
0.0726292
-0.0114301
0.0222153
-0.140497
0.173929
0.767687
0.0565103
0.436037
0.877951
0.729787
0.448843
0.471317
0.615905
1.20348
0.29292
0.903465
0.264302
0.521101
0.256514
0.735296
0.771293
0.64
0.7
0.1
0.09
0.13
0.44
0.662126
0.452659
0.243212
0.93832
0.329924
0.14748
0.238441
0.547872
0.147268
0.241995
0.548305
1.14134
0.538937
0.901568
0.551526
0.474374
0.691969
0.942546
0.646596
0.971605
0.666125
0.243327
0.261293
0.6
0.62
0.66
0.91
0.2
0.392347
0.702659
0.0062508
0.827835
0.500229
0.185251
0.760224
0.659597
0.750807
1.23246
0.565325
0.606862
0.873387
1.21953
1.15
0.784331
1.06009
0.271604
0.88831
0.0539813
0.126125
0.843434
0.713327
0.88
0.84
0.9
0.24
0.17
0.822347
0.952659
0.708013
0.136644
0.927226
0.657627
0.806814
0.727187
0.609906
0.529087
0.791952
0.164486
0.508459
0.630014
1.01444
0.534479
0.525074
0.941667
0.0757417
0.191739
0.97095
0.323434
0.672034
0.6
0.67
0.39
0.86
0.8
0.0222731
0.322659
0.629524
0.703298
0.244402
0.960232
0.852515
1.01365
0.858322
0.570563
0.203321
0.320123
0.428854
0.298803
1.00015
0.410817
0.792692
0.747886
0.138571
0.980135
0.700001
0.65
0.72
0.37
0.4
0.07
0.4
0.43
0.581104
0.772649
0.20794
0.181529
0.281369
1.04536
0.92473
0.246698
0.65554
0.885346
1.04188
0.822224
0.430834
0.813886
1.09743
1.00011
0.325926
0.605848
0.116134
0.400001
0.73
0.1
0.18
0.45
0.2
0.69
0.64
0.11
0.09
0.711279
0.642221
0.530754
0.636812
0.993753
0.483891
0.828821
0.342307
0.666837
0.095302
0.513008
1.28576
0.727578
1.32659
0.717487
0.209916
0.713296
0.350075
0.250993
0.52
0.31
0.45
0.54
0.18
0.85
0.66
0.31
0.65
0.10001
0.950207
0.783652
0.387455
0.24026
1.2176
1.02322
0.669979
0.351648
0.239899
0.914871
1.25638
0.669385
0.664568
0.408028
0.858452
0.476156
0.342771
0.192555
0.64
0.48
0.56
0.06
0.7
0.55
0.42
0.43
0.03
0.9
0.724774
0.108879
0.492414
0.613112
1.05052
0.814754
0.111129
0.815677
0.112804
0.145696
1.1902
0.665638
0.330303
0.798133
0.565338
0.812642
0.152623
0.691562
0.8
0.26
0.15
0.01
0.17
0.69
0.93
0.16
0.87
0.02
0.133211
0.546237
0.1251
0.310605
1.00739
0.462275
0.0542428
0.0339168
0.075821
0.076708
0.389157
0.597432
0.665849
0.55464
0.504604
0.249985
0.529985
0.96
0.7
0.62
0.89
0.46
0.95
0.69
0.36
0.59
0.5
0.02
0.12156
0.393315
0.834794
0.868193
0.948973
0.326156
0.443459
0.129093
0.297791
0.553344
0.258687
0.556298
0.159952
0.904768
0.694761
0.0299855
0.679992
0.72
0.13
0.84
0.2
0.38
0.38
0.37
0.72
0.02
0.81
0.01
0.61
0.85001
0.270194
0.330311
0.870626
0.141179
0.742594
0.243166
-0.0658526
0.758288
0.993659
0.845156
0.186013
0.734768
0.642824
0.26
0.44
0.59
0.05
0.39
0.92
0.69
0.38
0.82
0.9
0.25
0.16
0.62
0.55
0.47
0.02
0.42
0.921008
0.281112
0.921112
0.0111123
0.900728
0.797756
0.770013
0.0900283
0.0900168
0.72
0.33
0.35
0.39
0.78
0.6
0.68
0.67
0.23
0.61
0.59
0.86
0.32
0.14
0.31
0.73
0.28
0.95
0.6
0.311112
0.791112
0.371112
1.00111
0.210035
0.01
0.05
0.63
0.52
0.91
0.98
0.64
0.44
0.27
0.92
0.01
0.01
0.66
0.2
0.86
