0.96
0.32
0.72
0.81
0.14
0.83
0.57
0.25
0.34
0.24
0.12
0.27
0.97
0.25
0.87
0.77
0.11
0.06
0.05
0
0.2
0.78
0.41
0.66
0.23
0.35
0.88
0.06
0.16
0.46
0.38
0.76
0.7
0.38
0.48
0.82
0.489822
0.576539
0.0812041
-0.297802
0.559761
0.636145
-0.0235405
-0.00369993
-0.0303029
0.603797
0.883797
0.913797
0.112105
-0.0160984
0.92
0.41
1
0.49
0.48
0.75
0.06
0.48
0.33
0.34
0.8
0.418134
0.250769
-0.138664
-0.473036
0.1538
0.160272
-0.405786
0.263406
-0.04743
-0.239741
0.149567
0.357751
-0.474226
0.483279
0.60203
0.116632
0.714699
0.851552
0.05
0.73
0.39
0.97
0.37
0.98
0.38
0.27
0.27
0.242296
0.131384
-0.0324322
-0.105377
-0.0990261
-0.00685294
-0.205972
-0.316287
0.303797
-0.890903
-0.848808
-0.728878
-0.0134576
-0.200368
-0.553986
0.298565
-0.153126
0.779601
0.656211
0.849174
0.61
0.73
0.91
0.52
0.93
0.84
0.03
0.107507
0.646779
0.308865
0.0581766
-0.182986
0.288704
0.410105
-0.184781
0.0962005
-0.430894
-0.388425
0.168515
-0.473477
-0.653103
-0.580025
-0.449393
-0.0486481
0.48807
-0.053312
0.543706
0.0821462
0.6
0.68
0.84
0.66
0.11
0.06
0.4
0.787144
0.584227
0.28251
0.437909
0.0961818
-0.0218873
0.467266
0.648911
0.0468392
0.124528
0.184944
0.178521
-0.0796435
-0.174245
-0.39998
-0.533792
-0.0174749
0.386487
0.109167
0.0861316
0.391244
0.35
0.19
0.11
0.66
0.8
0.87
0.72
0.259971
0.277221
0.811465
0.35755
0.222194
0.019475
0.868199
0.00289963
-0.408073
-0.350619
0.788743
0.470739
0.59653
0.601388
-0.0232937
-0.484391
0.482226
0.326326
0.356085
0.378191
0.522972
0.39
0.23
0.71
0.87
0.62
0.32
0.223039
0.642501
0.239156
0.0637913
0.291131
0.757922
0.504944
0.498201
-0.248901
-0.0953171
0.564316
0.839101
1.06046
0.713465
0.0259006
0.722147
-0.403741
0.204233
0.559384
0.184837
0.827454
0.29769
0.3
0.2
0.29
0.18
0.42
0.18
0.274636
0.0533294
0.282243
-0.247068
0.174789
-0.00921713
0.413095
0.464718
0.583055
0.360146
0.148398
0.0888091
0.539696
0.656757
0.464033
0.335854
0.824598
0.0726842
-0.0246679
0.571681
0.779843
0.306597
0.38
0.55
0.43
0.43
0.1
0.53
0.48226
-0.00150432
-0.234567
-0.4308
-0.485301
0.480118
-0.206679
0.130631
-0.0266677
0.136051
0.62788
0.26482
-0.0950411
0.195796
0.637388
0.21488
-0.0723136
0.142902
0.191636
0.024857
0.835289
0.923863
0.967112
0.69
0.37
0.76
0
0.68
0.0922599
-0.168954
-0.143949
-0.0573095
-0.430946
-0.208285
0.0979556
0.635475
0.17006
0.972313
0.588158
0.346396
0.241175
0.539074
0.145483
0.802962
0.0461671
0.501182
0.293112
0.744956
0.294395
0.963863
0.604056
0.59
0.4
0.61
0.79
0.612873
-0.0957756
0.125568
0.0353228
-0.486928
0.0362346
0.164515
1.04297
1.06206
0.264085
1.21289
1.00504
0.0176562
0.186082
0.0297123
-0.290846
0.7551
0.208558
-0.21366
0.26163
0.107685
0.197986
0.853863
0.723863
0.27
0.89
0.5
0.52
0.364636
0.0885624
-0.0183806
-0.366678
-0.329418
0.394918
0.652652
0.844735
0.992472
0.401912
0.357325
0.671163
0.70636
0.373541
-0.116565
0.193579
0.712047
-0.121406
-0.14723
-0.129826
-0.0485293
0.333865
0.713863
-0.00613664
0.34
0.57
0.85
0.91
-0.19774
0.299575
-0.375746
0.131426
-0.271438
-0.498039
0.632724
0.877934
0.105513
0.597687
0.0101389
0.621496
0.228138
-0.00211284
-0.0963719
0.226037
0.517012
-0.53146
0.497463
0.491788
0.853882
0.610387
0.853863
0.265981
0.45
0.71
0.81
0.672873
0.31226
0.111808
-0.132994
0.128073
-0.44254
0.0375857
-0.107135
-0.0725234
-0.070712
0.691577
0.374657
0.244973
0.732472
0.452681
0.955575
1.16864
0.269924
0.0267332
0.0389241
-0.519498
0.0546679
0.654916
0.473863
0.159807
0.43
0.98
0.66
0.692094
0.16226
0.0902981
-0.0388423
0.288144
-0.408937
-0.146623
-0.191499
0.686682
0.433285
0.829992
0.552191
0.687422
1.04218
0.44547
0.575135
0.591939
0.268481
0.372915
0.147026
0.285773
0.111223
0.174448
0.376364
0.289999
0.56
0.57
0.75
0.728122
0.38226
0.749496
0.627447
-0.333377
0.496002
0.471844
0.699629
0.34504
0.917085
0.813859
0.816756
1.01809
0.162736
0.867488
0.797711
1.23649
0.923746
0.439912
0.00552545
-0.278512
-0.0464696
0.366285
0.0699982
0.239998
0.13
0.8
0.24
0.89
0.678122
0.269278
0.227447
-0.00498602
0.161022
0.650231
0.504076
0.483625
1.2838
1.35567
1.15506
1.15634
-0.263257
0.0855581
0.156577
0.167616
0.42037
0.0401544
-0.178568
0.361416
0.75083
0.293669
0.319998
0.349999
1
0.01
0.45
0.12
0.43
0.0557846
-0.0613683
0.0726956
0.0235971
0.717547
0.81571
0.825201
0.918349
0.43586
1.00567
0.656342
0.351288
-0.254186
0.0841322
0.954338
1.25692
0.786019
0.356716
0.461881
0.695794
0.459245
0.54
0.11
0.4
0.97
0.86
0.11
0.89
-0.0604774
0.290306
0.507837
-0.170274
0.206235
0.181656
0.0324393
-0.122692
0.603795
0.18101
0.0137573
0.227625
-0.158249
-0.100031
0.198593
0.451632
0.443107
-0.0101866
-0.43222
0.33811
0.589527
0.109822
0.85
1
0.53
0.58
0.4
0.01
0.166332
0.314545
0.319946
-0.23298
0.125468
0.263851
0.0192372
0.232914
-0.0319938
-0.360013
-0.594629
0.138049
-0.154066
-0.0828721
0.704333
1.20659
0.86027
0.27504
-0.357089
0.83173
0.0995268
0.379542
0.44
0.76
0.41
0.75
0.57
0.14
0.415621
0.0185322
0.398876
0.276707
0.453192
-0.302365
0.0987864
0.250302
-0.371853
-0.329832
0.400654
0.393136
-0.0738304
0.240738
0.308976
0.657268
0.320593
0.0730149
-0.211754
0.271697
0.579527
0.959527
0.61
0.63
0.28
0.09
0.58
0.09
0.53538
0.565231
0.478988
0.797724
-0.488599
0.0320489
0.391414
-0.314197
0.181664
-0.688674
-0.515773
0.285645
-0.202829
-0.440283
-0.016507
0.0441962
0.538686
-0.467292
-0.214843
0.332427
0.849527
0.0895268
0.61
0.91
0.6
0.88
0.77
0.25
0.327756
0.665231
0.843328
0.269992
0.175995
-0.417355
-0.155372
0.659908
0.478754
0.89383
0.775629
0.559512
0.246829
-0.163173
-0.216387
0.634837
0.0108587
0.0539238
0.154398
0.249701
0.569527
0.94972
0.65
0.71
0.79
0.7
0.95
0.59
0.2
0.66
0.266052
-0.216233
0.397052
0.284561
-0.26612
-0.29135
-0.0938234
0.432969
-0.0522061
0.657614
-0.0148322
0.734763
0.192449
-0.11944
-0.348334
0.12497
0.259136
0.131082
0.14
0.73
0.84
0.67
0.26
0.23
0.09
0.14
0.57
0.08
0.890959
0.0809919
-0.112152
0.15855
-0.171887
0.461838
0.0124017
0.230863
0.69016
0.494017
0.98465
0.708054
0.684679
0.311765
0.36962
0.27205
0.317456
0.22621
0.97
0.59
0.09
0.27
0.29
0.04
0.07
0.04
0.03
0.39
0.72
0.86
0.66
0.27
0.580001
0.640001
0.810001
0.920001
0.81
0.24
0.83
0.77
0.49
0.5
0.48
0.8
0.62
0.62
0.68
1
0.65
0.64
0.55
0.45
0.65
0.08
0.03
0.79
0.67
0.23
0.47
0.42
0.220001
0.0200008
0.610001
0.220001
0.42
0.33
0.1
0.27
0.76
0.38
0.11
0.6
0.11
0.35
0.33
0.37
0.29
0.26
0.73
0.52
