0.07
0.84
0.65
0.26
0.66
0.12
0.39
0.07
0.17
0.5
0.0900015
0.880002
0.0300016
0.510002
0.13
0.68
0.590007
0.710014
0.0100087
0.86
0.04
0.42
0.05
0.3
0.61
0.57
0.7
0.86
0.18
0.04
0.22
0.03
0.52
0.2
0
0.2
0.52
0.250001
0.100008
0.821496
0.0933149
0.22989
0.90956
0.496383
0.592702
0.120069
0.320068
0.86005
0.200044
0.230021
0.75
0
0.41
0.99
0.95
0.69
0.37
0.43
0.35
0.24
0.290892
0.615588
0.0419084
0.335902
0.254837
0.873469
0.440852
0.682713
0.361003
1.16022
1.12326
1.04734
0.799495
0.989404
0.804239
0.611242
0.000715595
0.200051
0.250026
0.78
0.63
0.8
0.11
0.08
0.03
0.91
0.91
0.62
0.937637
1.03188
0.393627
0.902263
0.369263
1.02331
0.337514
1.11529
0.91379
1.32723
1.37254
1.07563
0.958246
0.698764
0.657681
0.637354
0.388713
0.899484
0.540717
0.689992
0.8
0.18
0.29
0.96
0.58
0.05
0.26
0.740249
0.40042
0.954732
0.736285
0.641201
0.602328
0.672679
0.711436
1.47485
0.935091
1.1907
1.77459
1.58416
1.32888
0.763178
0.887264
0.587915
0.618886
0.89995
0.221753
0.87998
0.69
0.05
0.62
0.41
0.26
0.93
0.15
0.251751
0.598682
0.90479
0.393351
0.352902
0.481349
0.891848
1.30431
1.32748
1.3233
1.35468
1.6542
0.527772
0.595076
0.366221
0.707449
0.98036
0.630233
0.563061
0.303151
0.84998
0.69
0.32
0.81
0.1
0.8
0.99
0.76
0.602898
0.187495
0.357027
0.0665925
0.988582
0.667969
0.613947
1.52634
1.61491
0.893328
1.11148
1.18906
1.31333
0.658661
0.649001
0.716273
1.04718
0.911402
0.57349
0.336261
0.0499879
0.13
0.74
0.48
0.69
0.74
0.73
0.49
0.641593
0.313717
0.55721
0.244819
0.762764
1.18431
1.00718
1.12059
0.799982
0.672768
0.483887
0.604642
0.950263
0.400767
0.572688
1.19038
0.97565
1.01065
0.689798
0.137973
0.97
0.42
0.35
0.09
0.99
0.42
0.2
0.72
0.580089
0.148106
0.564864
0.220438
0.353652
0.649408
1.4818
0.801797
0.783164
0.986124
0.923599
0.264466
0.504563
1.0846
1.23424
0.616437
1.05105
0.968821
0.295686
0.81872
0.62
0.72
0.76
0.2
0.7
0.96
0.11
0.38
0.541227
0.738783
0.936596
1.04263
1.09655
1.42375
0.905037
1.31282
1.0435
0.869082
0.718932
0.839251
0.798626
1.24595
0.537533
0.597133
0.115671
0.117938
0.429886
0.859656
0.85
0.19
0.31
0.76
0.13
0.59
0.42
0.57
0.501854
0.870871
0.251777
0.585855
0.877721
1.21909
1.64888
0.952195
0.908671
0.224233
0.408111
0.359897
0.75862
0.769912
0.345701
0.614983
0.201722
0.513214
0.122636
0.845549
0.42
0.02
0.24
0.65
0.35
0.22
0.68
0.19
-0.0200861
0.0869315
0.355502
0.86948
0.769783
1.70513
1.32595
1.33918
0.369471
0.86818
0.598107
0.525409
0.58433
1.05901
0.765297
0.462515
0.696405
0.373046
0.0886362
0.363581
0.56
0.01
0.47
0.94
0.38
0.64
0.92
0.14
0.02541
0.392725
0.366308
0.84779
1.14164
1.25985
1.26635
0.550517
0.480815
0.428386
0.616781
0.445796
1.45829
1.50817
0.789039
0.708991
0.325228
0.91763
0.429299
0.834009
0.62
0.55
0.95
0.66
0.07
0.86
0.1
0.04
0.940024
0.343026
0.64309
0.740037
1.32665
0.884916
0.176025
0.616115
0.60675
0.115877
0.821024
1.54772
0.897159
1.64068
1.08203
0.780881
0.539013
0.727231
0.560784
0.711307
0.37
0.36
0.22
0.82
0.82
0.23
0.05
0.12001
0.860001
0.215499
0.288314
1.41691
1.05368
1.3331
1.52956
1.41937
1.09964
0.787085
1.55256
1.09297
1.268
1.22236
0.87499
0.929565
0.695604
0.420702
0.475665
0.953065
0.76
0.71
0.01
1
0.02
0.36
0.39
0.900031
0.219997
0.300157
1.00746
0.529164
1.53884
0.676263
0.900609
1.02017
0.630647
1.49823
0.666505
0.761638
1.46371
1.67827
0.836818
1.42452
1.16147
0.758025
0.114478
0.963165
0.93
0.72
0.35
0.33
0.01
0.23
0.84
0.160035
0.329997
0.870219
0.336796
0.425844
0.721273
1.07548
1.40367
1.44602
1.36798
1.58281
1.04158
1.51733
1.45181
0.766755
0.338087
1.10814
0.451536
0.260794
0.173631
0.923165
0.82
0.62
0.93
0.2
0.93
0.56
0.97
0.820035
0.219997
0.840198
0.741097
0.460309
0.628965
0.438601
0.259451
0.48385
0.594509
1.02328
1.39081
1.4315
0.743554
1.13099
0.217318
1.02493
1.03166
0.387131
0.823099
0.941884
0.61
0.63
0.95
0.78
0.88
0.31
0.95
3.36458e-05
0.699997
0.451851
0.759775
0.683825
0.705155
0.424784
0.539356
0.185084
0.504372
1.51961
1.73154
1.57693
1.3759
0.881576
0.550195
0.378218
0.35368
0.564042
0.283315
0.980015
0.39
0.29
0.74
0.7
0.52
0.16
0.98
1.63462e-05
0.969998
0.543532
0.700132
0.518531
0.522918
0.225275
0.669849
0.556581
1.24076
0.970362
1.38983
1.85331
1.05326
0.700512
0.648998
1.22177
0.310685
0.523244
0.600015
0.85
0.54
0.01
0.14
1
0.75
0.27
0.63
0.31
0.169995
0.721733
0.816745
0.532447
0.468595
0.576158
0.509704
0.468184
1.05974
1.56571
1.12535
1.26054
0.588009
1.17869
1.04011
1.15683
0.489619
0.460316
0.900019
0.2
0.83
0.96
0.87
0.55
0.79
0.77
0.5
0.28
0.309999
0.860592
0.385218
0.365947
0.89038
0.392909
0.912863
0.337509
1.13442
1.43012
1.11085
1.66337
0.731066
0.241958
0.813878
0.991169
0.986636
0.439245
0.50005
0.48
1
0.65
0.27
0.3
0.93
0.92
0.22
0.26
0.17
0.623493
0.223224
0.181447
0.898884
0.543178
0.546024
1.01192
1.6444
1.03114
1.41486
0.789397
0.693587
0.589136
0.704113
0.478189
0.218292
0.250037
0.570031
0.86
0.52
0.32
0.8
0.96
0.07
0.93
0.46
0.42
0.37
0.359966
0.386338
0.661466
0.0651686
0.988671
0.0572421
0.193295
1.30058
1.02502
1.25431
0.884441
0.580958
0.337835
0.176471
0.497945
0.879985
0.269985
0.2
0.44
0.72
0.13
0.06
1
0.55
0.55
0.97
0.82
0.29
0.649983
0.799964
0.840672
0.311977
0.927057
0.568344
0.824399
1.25637
1.42312
0.801836
0.971789
0.192294
0.910599
0.977297
0.18729
0.999985
0.219991
0.17
0.06
0.16
0.14
0.55
0.75
0.45
0.38
0.6
0.14
0.44
0.36
0.309999
0.269976
0.289962
0.909965
0.269968
0.115757
0.930508
0.763465
0.366238
0.974398
0.103217
0.973026
0.427297
0.944321
0.65
0.83
0.95
0.01
0.55
0.39
0.04
0.31
0.87
0.87
0.05
0.11
0.43
0.01
0.82
0.42
0.63
0.910007
0.610008
0.600008
0.980008
0.790005
0.260004
0.901585
0.0833687
0.661995
0.09
0.35
0.78
0
0.45
0.42
0.71
0.96
0.47
0.79
0.63
0.85
0.14
0.43
0.13
0.02
0.24
0.15
0.27
0.340008
0.210008
0.190008
0.800008
0.58
0.63
0.07
0.24
0.98
0.26
0.58
0.34
0.41
0.56
0.7
0.42
0.1
0.75
0.03
0.17
