0.85
0.28
0.71
0.79
0.49
0.3
0.48
0.59
0.55
0.57
0.510052
0.720057
0.230057
0.500057
0.86
0.53
0.720013
0.780024
0.790015
0.27
0.74
0.14
0.33
0.31
0.98
0.38
0.93
0.13
0.75
0.02
0.18
0.6
0.06
0.85
0.86
0.83
0.82
0.440029
0.640281
0.0602077
0.116241
-0.239794
0.485019
0.531291
0.794177
0.0711734
0.721173
0.921143
0.880999
0.760467
0.41
0.27
0.94
0.46
0.49
0.3
0.85
0.46
0.24
0.18
0.677741
-0.019909
0.305758
0.793671
0.655563
0.361004
0.827842
0.605713
0.227547
-0.29171
0.0118687
-0.0311047
-0.39365
0.395631
0.407446
0.079132
0.933647
0.741144
0.110542
0.25
0.42
0.03
1
0.67
1
0.14
0.04
0.83
-0.210516
-0.423416
0.614083
0.830171
0.260212
0.130575
0.437915
0.979801
0.0926465
0.916508
1.09046
0.868128
0.515768
0.197728
-0.136392
0.244096
0.125481
0.320617
0.804816
0.779984
0.34
0.51
0.19
0.91
0.22
0.38
0.59
0.0800344
-0.0980048
0.378154
0.430039
0.883768
0.87808
0.563935
0.548976
0.460656
0.738029
1.27815
1.31276
0.688536
1.06533
1.03243
0.194444
0.115551
0.0301285
0.0786513
0.563475
0.999958
0.3
0.27
0.62
0.77
0.27
0.1
0.23
0.58672
-0.0397853
-0.104002
0.251775
0.883581
0.429195
1.20502
1.18499
0.957016
0.771876
1.7081
1.65244
0.966574
1.30338
0.499453
0.553095
0.495019
0.414916
0.661691
0.58234
0.929957
0.45
0.55
0.52
0.27
0.39
0.54
0.11
0.969228
0.820713
0.0189789
1.10212
0.539709
0.770698
0.125855
0.794381
0.861297
1.25074
0.704776
1.17326
1.10838
1.23432
1.30932
0.27536
0.20659
0.312303
0.183821
0.745398
0.0199743
0.69
0.56
0.79
0.11
0.98
0.24
0.11
0.914324
0.81895
0.607776
0.890683
1.25374
1.30774
0.6078
0.172854
1.08412
0.353559
0.400059
1.50081
1.28229
0.664459
0.393061
0.545017
0.499993
0.308257
0.542028
0.0556405
0.46
0.18
0.95
0.84
0.72
0.8
0.83
0.05
0.770038
0.215265
0.391723
0.581341
0.811704
0.619116
0.498045
0.493311
0.404922
0.663164
0.524168
0.909422
0.917788
0.842783
0.981679
0.350688
0.408933
0.706058
0.81345
0.516843
0.36
0.76
0.08
0.89
0.65
0.86
0.1
0.62
0.200111
0.194481
0.367985
-0.0127404
0.83766
0.420365
0.436515
0.445453
0.947421
1.09214
1.39915
1.1725
1.16786
0.575632
-0.0738126
0.490497
0.853635
0.309794
0.436477
0.775331
0.44
0.07
0.15
0.3
0.67
0.4
0.67
0.57
0.0399784
-0.0591118
0.242981
0.247004
0.701634
0.363392
0.631819
0.493527
0.824034
0.659991
1.11186
1.10204
0.512594
0.516972
0.715946
0.719594
0.0749459
0.146111
0.140143
0.834564
0.65
0.57
0.57
0.79
0.71
0.73
0.43
0.21
0.20905
0.280526
0.372172
0.290357
0.93443
0.562922
0.947174
0.974866
0.357765
1.06249
1.21093
0.496085
0.793877
0.705219
0.247087
0.3285
0.806481
0.233852
0.511436
0.092344
0.88
0.01
0.53
0.29
0.88
0.89
0.34
0.72
0.107366
0.587035
-0.351335
-0.277216
0.610192
0.954865
0.577901
0.719942
0.0222229
0.160578
0.926074
0.194607
0.686088
0.66789
0.61494
0.516898
0.507706
0.0190313
-0.163864
-0.00234238
0.99
0.65
0.64
0.24
0.52
0.78
0.41
0.64
0.740445
0.62823
0.0370129
0.0358948
0.0784815
0.365982
-0.0197553
-0.269471
-0.418091
0.463274
0.224132
-0.0585745
0.751147
0.0501882
0.765775
0.19684
-0.157311
0.631569
0.710539
0.804676
0.27
0.51
0.24
0.52
0.74
0.81
0.95
0.840154
0.580225
0.208608
0.790501
0.106276
0.601419
0.947471
-0.147648
0.397736
-0.476698
0.485019
0.66464
0.181463
0.0646867
-0.109758
0.383498
-0.0179113
-0.118144
0.334518
0.422809
0.540829
0.764671
0.07
0.71
0.04
0.83
0.72
0.11
0.520493
0.800192
0.951529
0.401368
0.97296
0.269607
0.390731
0.485904
0.0251547
0.721315
-0.0354625
0.0865889
-0.0566415
0.256264
0.736081
0.331003
0.897184
0.314302
0.814976
0.581597
0.761101
0.15629
0.144671
0.62
0.47
0.78
0.55
0.28
0.230544
0.460192
0.465425
0.231149
0.0604081
0.255049
0.172278
0.782687
0.572621
0.738331
0.439382
0.0121276
-0.146657
0.523738
0.736583
0.678818
0.141563
0.754305
1.00763
0.321479
0.2311
0.905846
0.95629
0.6
0.02
0.5
0
0.28
0.280544
0.670192
0.377019
0.832005
0.45679
0.563653
1.0663
0.860059
0.329367
0.497036
-0.40789
0.0990481
0.29735
0.824606
0.9868
0.369321
0.863111
0.486303
0.837127
0.0484878
0.714812
0.185846
0.911619
0.97
0.21
0.05
0.2
0.78
0.690527
0.120192
0.887798
0.799219
0.575919
1.27441
0.994914
0.700454
-0.09124
0.0395281
0.403315
0.542686
0.707548
0.296341
0.851129
0.979686
1.13582
1.1961
1.05781
0.66634
0.160471
0.88
0.81
0.4
0.47
0.74
0.41
0.91
0.280256
0.0302032
0.328435
0.846346
1.52639
1.49283
0.602705
1.10061
0.170721
0.705211
1.06935
0.535002
1.27054
0.442737
0.561645
1.22699
0.684772
1.28049
0.653626
0.130471
0.94
0.57
0.42
0.21
0.47
0.03
0.68
0.6
0.18
0.0800584
0.959518
0.308566
1.50773
1.32707
0.783321
0.669459
0.94489
0.446632
1.01708
1.47374
0.506887
0.934657
1.3773
0.677855
1.33546
0.332251
0.168131
0.135785
0.84
0.62
0.38
0.35
0.8
0.48
0.91
0.83
0.0599998
0.139989
0.948294
1.17088
0.678875
1.24141
0.841354
0.234669
1.27531
0.537786
0.988338
1.4643
0.677015
0.753926
1.42353
0.686386
0.899336
0.628534
0.535287
0.024883
0.37
0.27
0.72
0.02
0.41
0.28
0.41
0.72
0.31
0.9
1.00433
0.897647
1.19312
0.510762
0.0804806
0.196676
0.781898
1.02635
0.878092
0.769575
1.00699
1.16441
0.531139
0.798942
0.683338
0.279728
0.175065
0.989098
0.97
0.17
0.49
0.66
0.5
0.65
0.81
0.29
0.81
0.32
0.211889
0.21165
0.336398
0.523495
0.0636531
0.968483
0.0798068
0.742247
1.05009
0.147592
0.297884
0.43948
0.648739
0.413598
0.653248
0.569689
0.38969
0.299999
0.54
0.64
0.64
0.06
0.56
0.69
0.7
0.23
0.93
0.62
0.160918
0.641951
0.36456
0.524118
0.85044
0.493678
0.906407
0.918484
0.745588
0.659904
0.887723
0.190818
0.56669
0.933641
0.943496
0.12969
0.979816
0.809999
0.43
0.1
0.47
0.01
0.85
0.51
0.44
0.92
0.55
0.69
0.07
0.0099889
0.889779
0.359645
0.784392
-0.0307069
0.153363
-0.254029
0.360987
0.785129
0.0566949
0.865416
0.260946
0.853641
0.812155
0.759999
0.199999
0.349999
0.85
0.64
0.03
0.76
0.67
0.87
0.66
0.85
0.64
0.09
0.02
0.36
0.74
0.32
0.0206462
-0.181105
0.208895
0.508895
0.0486489
0.138996
0.327357
0.0468846
0.901841
0.81
0.96
0.86
0.9
0.68
0.93
0.48
0.42
0.44
0.56
0.94
0.8
0.62
0.64
0.19
0.16
0.41
0.79
0.73
0.378895
0.378895
-0.0611049
0.0388951
0.12275
0.66
0.21
0.05
0.03
0.76
0.43
0.32
0.8
0.71
0.81
0.61
0.85
0.46
0.49
0.32
