0.73
0.3
0.02
0.43
0.11
0.41
0.58
0.82
0.06
0.84
0.71
0.16
0.18
0.67
0.41
1
0.92
0.78
0.57
0.07
0.35
0.69
0.56
0.76
0.13
0.93
0.26
0.26
0.38
0.21
0.96
0.07
0.88
0.02
0.6
0.17
0.542211
1.00766
0.429154
0.160707
0.023291
0.218159
0.843206
0.00735859
0.849233
0.245976
0.715976
0.765976
0.210285
0.197071
0.24
0.62
0.14
0.88
0.84
0.39
0.22
0.17
0.84
0.96
-0.0958575
0.452136
0.559398
0.395299
0.385545
1.29915
2.62704
2.82014
2.53567
1.09708
1.42103
0.986836
0.239951
0.127037
0.349755
0.445736
0.653522
0.809551
0.0970652
0.45
0.96
0.34
0.06
0.2
0.86
0.51
0.04
0.19
0.330262
0.397943
-0.182629
0.307482
1.50336
2.52379
2.02041
1.30665
1.64647
1.40677
2.29864
1.47705
0.436211
0.397255
-0.452693
0.0054374
-0.381428
0.75689
0.0119387
0.117106
0.51
0.13
0.86
0.4
0.5
0.43
0.55
0.187632
-0.435378
-0.594272
0.686822
1.04634
2.16009
2.16477
1.36717
1.40312
1.78677
1.91529
1.76377
1.90423
0.673279
0.30669
-0.499951
-0.88911
-0.444733
0.527482
0.306797
0.589636
0.62
0.63
0.32
0.34
0.97
0.8
0.49
0.247443
0.274214
0.926943
1.53633
1.89444
1.23221
0.87538
0.562999
0.4624
1.48617
1.68462
1.91608
1.84054
2.00149
-0.429922
-0.291185
-0.422196
-0.603237
-0.00948015
0.366372
-0.0239381
0.13
0.99
0.04
0.35
0.26
0.05
0.42
0.11719
0.930428
0.63436
2.35515
2.30505
1.5214
1.29677
-0.669781
-0.535262
-0.0569683
1.2134
1.98709
2.27499
2.54059
0.322096
-0.124013
-0.804519
-0.589008
-0.151565
-0.147842
0.452531
0.28
0.35
0.33
0.29
0.21
0.67
0.5256
0.499858
0.389514
0.643446
2.28784
2.03625
1.64385
0.553368
0.321149
0.481459
0.484178
0.474547
2.56227
3.12862
2.44862
2.56346
-0.33667
-0.675988
-0.549109
-0.334818
-0.189937
0.858496
0.3
0.22
0.39
0.49
0.42
0.52
0.73138
0.883225
0.332914
0.635092
1.65553
1.95835
1.95861
0.541241
0.877192
0.17708
0.479219
1.28002
2.05525
3.45164
2.70504
2.24925
1.21838
0.205604
-0.0551397
0.223122
0.25802
0.436986
0.26
0.47
0.92
0.67
0.49
0.02
0.161134
0.558585
1.09368
0.107554
1.64109
1.99584
2.3591
2.85721
2.33733
1.73656
1.39431
2.02694
2.39932
2.77039
2.4219
2.91187
1.9901
1.0331
0.339413
0.435214
0.487597
0.0694425
0.24562
0.42
0.19
0.05
0.58
0.62
0.311134
0.50754
1.14139
0.0923902
1.02919
2.52996
2.9658
3.18794
2.09716
1.5807
1.68211
1.25961
1.56069
2.79999
2.64633
2.38988
1.50235
0.634717
0.097322
0.291932
-0.123336
0.529442
0.0304012
0.94
0.71
0.46
0.45
0.319261
0.242279
0.310453
0.877412
-0.050908
0.0338156
1.71489
2.10435
2.37761
3.01613
2.22109
2.27029
2.90716
1.18054
1.26996
2.28069
2.02225
2.09798
-0.19609
0.068938
0.810144
0.102702
0.359442
0.679442
0.85
0.4
0.4
0.36
0.0713802
0.174809
0.960628
0.79908
0.14734
-0.488259
0.57055
1.07843
1.64834
0.57827
1.15166
1.1484
0.962461
0.731199
2.20186
2.4702
2.55931
1.80421
0.256952
-0.375538
0.0481028
0.220004
0.939443
0.239442
0.07
0.7
0.92
0.99
-0.0888661
0.386017
0.840768
0.277019
0.00107355
-0.370917
-0.404152
0.133765
0.988231
1.17713
1.22288
1.40363
1.56771
0.629457
1.74405
2.11309
2.25802
1.01259
0.254336
-0.0691838
0.339996
0.880065
0.119443
0.599988
0.92
0.69
0.13
0.759261
0.801134
0.264582
0.922263
0.524453
0.231857
-0.25475
-0.465796
0.18789
0.899909
0.244921
1.25029
0.97343
0.751579
1.35139
1.60572
1.76121
1.42423
0.24744
0.0592408
-0.233444
0.411718
0.230752
0.119347
0.759041
0
0
0.79
0.254796
0.201134
0.629203
0.81651
0.525963
-0.0880627
-0.930103
-0.499882
-0.139605
0.0207207
0.85023
1.36702
0.393719
0.474532
0.712381
1.58816
1.64245
1.07896
0.194686
-0.0596014
-0.384991
0.418393
0.13298
0.681658
0.029904
0.56
0.64
0.95
0.588769
0.821134
0.365292
0.566554
-0.469705
-0.150575
0.168149
-0.172579
0.198543
0.0970108
0.868708
0.493586
0.911018
0.323233
0.225657
1.01674
1.87549
1.95723
0.546363
0.347527
-0.196811
0.465701
0.517003
0.949745
0.769753
0.49
0.87
0.41
0.86
0.098769
0.395164
-0.233446
-0.0187778
-0.406838
-0.0753035
-0.0547457
-0.308568
0.848414
0.430244
0.775495
0.322829
0.168504
-0.333148
1.74595
2.06929
1.73338
0.0620458
0.509313
-0.132804
-0.21306
0.646471
0.199745
0.979849
0.37
0.82
0.22
0.83
0.11
0.122946
0.196599
-0.668624
-0.652492
-0.43838
0.0909415
0.643874
0.346833
1.14373
0.564613
-0.0179005
-0.469366
1.22457
1.25921
1.13248
1.75635
1.12736
1.3072
-0.232781
-0.0389313
0.397143
0.98
0.82
0.02
0.79
0.63
0.8
0.91
0.00129661
0.31398
-0.199686
-0.680791
-1.02808
0.278009
0.644343
0.741655
0.475355
0.893541
0.163205
-0.648467
1.16042
0.48195
1.21238
1.43035
0.607275
0.662982
-0.0953135
0.911957
0.225873
0.682211
0.26
0.36
0.15
0.44
0.61
0.31
0.551636
-0.375272
-0.744372
-0.828811
-0.56798
1.87518
2.23838
2.56035
1.89339
0.319734
0.322337
0.215892
1.15866
1.63256
1.5269
0.821711
0.567597
0.159214
0.114876
0.57365
0.525873
0.845689
0.13
0.69
0.2
0.19
0.3
0.63
0.47255
-0.0218989
-0.581398
-0.894741
1.34824
1.64402
1.31021
1.83724
1.49226
1.94044
1.99034
1.15943
0.658971
1.84048
1.05171
1.02017
0.965364
0.96027
0.973177
0.886662
0.405873
0.00587304
0.1
0.04
1
0.18
0.14
0.85
0.00522613
0.558918
0.127624
-0.112541
0.865573
1.67766
1.39924
1.98589
1.7651
1.86536
1.52827
1.99089
2.1425
2.24164
0.825933
1.62151
0.899927
1.324
1.375
0.86307
0.885873
0.415873
0.16
0.45
0.29
0.55
0.32
0.5
0.865373
0.108918
0.150959
0.467117
-0.0549781
0.173406
-0.566537
0.899134
1.63879
2.073
1.68111
2.15642
2.71107
1.28026
1.31975
1.39218
0.562087
0.759162
1.0685
0.921787
0.455873
0.783478
0.22
0.86
0.58
0.46
0.28
0.19
0.06
0.6
0.685861
0.183431
0.495703
-0.168671
0.602016
0.920557
0.71313
1.02428
0.253524
1.06282
1.13773
1.19353
1.46016
0.394091
0.486916
0.705768
0.390643
0.399257
0.58
0.15
0.97
0.83
0.78
0.41
0.91
0.07
0.13
0.2
0.176696
0.982281
0.731464
0.63072
0.950605
0.871226
0.195183
0.659883
0.362314
0.594763
0.593063
0.222411
0.694845
0.0685088
-0.189284
0.0851614
-0.00425845
0.428369
0.34
0.94
0.07
0.11
0.97
0.74
0.37
0.34
0.07
0.65
0.45
0.62
0.69
0.83
0.379632
0.849594
0.389594
0.959594
0.999734
0.89
0.430204
0.839183
0.267673
0.26
0.24
0.18
0.23
0.78
0.45
0.1
0.04
0.24
0.69
0.95
0.43
0.66
0.52
0.32
0.79
0.93
0.68
0.11
0.629594
0.739594
0.109594
0.319594
0.329987
0.4
0.68
0.05
0.81
0.14
0.34
0.82
0.96
0.78
0.23
0.84
0.65
0.55
0.85
0.2
