0.16
0.35
0.16
0.86
0.66
0.9
0.01
0.18
0.83
0.92
0.359104
0.949011
0.339011
0.669011
0.94
0.17
0.841601
0.88294
0.541847
0.11
0.82
0.38
0.35
0.98
0.89
0.7
0.54
0.7
0.11
0
0.66
0.31
0.21
0.69
0.79
0.56
0.0517171
0.906158
-0.0100047
0.383689
1.44628
0.647681
0.869504
0.828416
-0.00178367
-0.117745
0.232131
0.16833
0.809873
0.606484
0.6
0.66
0.39
0.15
0.59
0.74
0.41
0.55
0.69
0.51
0.560082
0.0388695
0.785251
-0.149119
0.243341
-0.945618
-0.253873
-0.294722
0.352491
0.355983
0.845189
0.981804
0.391718
0.467023
0.288875
-0.0679541
0.767197
0.154829
0.508711
0.88
0.66
0.65
0.25
0.21
0.64
0.13
0.9
0.56
-0.0486383
-0.862039
-0.751689
-0.539394
-0.257668
0.522638
1.58165
2.70586
2.76282
2.41617
2.6159
2.22954
2.88618
1.78065
0.948782
1.68241
1.04028
0.459133
0.706087
0.472012
0.14
0.59
0.49
0.02
0.6
0.69
0.49
0.152381
-1.23065
-0.540031
-0.679101
-0.226955
0.577943
0.822199
1.40093
0.735593
1.09502
1.43758
0.746405
1.39133
1.92663
1.63184
1.37546
2.02051
2.34308
1.10613
-0.0860857
-0.0206558
0.52
0.35
0.5
0.28
0.36
0.79
0.63
0.628345
-0.228383
0.207012
0.377817
0.137753
-0.27182
1.62383
1.42928
1.253
0.303163
0.413446
0.850359
1.1416
1.07092
0.407521
1.0215
2.0144
2.52043
1.48261
0.519287
0.272845
0.78
0.29
0.72
0.78
0.4
0.49
0.49
0.627899
1.35615
1.44452
0.954524
0.870774
1.26216
1.43982
0.797365
0.115782
-1.81463
-1.1908
-1.37403
-0.724919
-1.59851
-0.872339
0.40262
0.603475
1.47214
0.578556
0.753947
0.577332
0.82
0.72
0.67
0.47
0.89
0.34
0.00999998
1.09447
1.82491
1.05257
2.23766
1.79849
0.55128
0.898163
0.517601
0.619138
-0.558364
-0.479823
-0.0983935
0.177881
-1.3876
-1.81396
-0.994132
-0.867295
1.04483
0.374064
0.563347
0.392553
0.07
0.09
0.56
0.1
0.47
0.86
0.35
1.10814
2.19343
0.847236
1.30916
1.65304
2.17957
3.32768
2.29133
2.10345
2.27968
0.409173
-0.109767
-0.580915
-0.651106
-1.17513
-1.12947
-0.900983
0.618153
0.695643
0.819004
0.803756
0.19
0.05
0.44
0.59
0.38
0.9
0.6
1.94657
1.10347
0.957773
1.62845
3.07595
3.32918
4.02787
4.1099
3.24725
2.21964
2.01765
1.70937
1.10947
0.248434
-0.673839
-1.438
-0.345726
0.339059
0.597309
0.827951
0.536469
0.760691
0.18
0.91
0.94
0.04
0.81
0.88
1.10475
1.38365
1.04175
1.67173
3.51901
4.72522
3.78292
2.89145
3.40283
1.71131
1.71791
1.66097
-0.116662
0.341633
0.0559287
-0.962104
-0.608392
0.68432
1.04274
0.682381
0.126469
0.733756
1
0.95
0.57
0.42
0.77
1.04664
0.176788
0.390504
1.26633
1.8355
3.45978
5.03406
3.74227
2.1489
1.28663
1.72408
1.44398
0.207555
-0.769525
-0.343821
0.0472566
1.22396
-0.429862
0.377355
0.435735
0.492393
0.546469
0.856469
0.96
0.16
0.67
0.96
0.12
0.567959
0.615691
0.698493
0.956421
0.444774
2.52596
3.10137
1.47143
0.867253
0.18809
-1.04686
-1.03799
-1.91033
-0.974371
-0.690256
0.190592
1.81133
1.77581
1.7897
0.257028
0.241807
0.846469
0.116469
0.53
0.66
0.66
0.82
0.68
0.555653
0.956212
0.879909
0.766365
1.27487
2.29879
2.26008
2.34623
0.995582
0.47863
-0.211689
-1.7984
-2.16151
-1.68735
-1.09322
1.52282
1.56536
1.96228
1.7737
0.966375
0.901177
0.246469
0.966629
0.24
0.43
0.03
0.48
0.43
0.789735
0.203215
0.861749
1.38443
2.03036
2.88499
2.76993
1.95476
0.317921
0.240723
-1.36012
-1.43543
-1.25681
-1.75976
-0.632672
0.19404
1.38244
1.87212
1.98197
1.43357
-0.169209
0.47849
0.452713
0.3
0.49
0.13
0.26
0.91
0.963843
0.886543
1.19571
1.50687
2.32826
2.35728
2.24649
1.55245
0.938316
0.34537
-0.372341
-1.20888
-0.674342
-0.637299
-1.01156
-0.871537
1.06285
2.22192
0.924467
1.86332
0.313443
0.759217
0.0220213
0.8
0.09
0.65
0.07
0.39
0.768784
1.32804
0.939846
1.53707
1.5901
1.68042
1.03581
0.626787
0.83482
0.00832959
-0.869267
-1.07625
-1.19934
-0.877778
-0.167027
-0.620844
1.17743
2.96104
1.3977
1.57331
-0.283696
-0.0643182
0.848013
0.17
0.68
0.67
0.49
0.33
0.349157
0.46804
0.989387
2.84923
2.7099
2.10618
1.78289
1.54788
1.45777
0.539822
1.00837
-0.230535
-0.122973
0.722024
0.130159
0.734107
0.588553
2.82689
1.12104
1.95287
0.202862
0.625682
-0.0340081
0.85
0.06
0.99
0.15
0.35
0.446004
0.90804
2.39146
2.60044
2.28688
1.66768
1.9347
1.24792
-0.0757538
-0.168439
-0.536339
-0.592922
0.160073
1.06481
1.28496
1.70107
2.2547
2.88732
2.13135
1.88265
0.843818
0.76
0.47
0.38
0.37
0.97
0.79
0.79
0.48628
1.00833
1.32797
2.16537
2.10191
2.39278
2.18128
1.05272
0.287505
-0.494276
-0.298986
0.0187474
1.16823
1.92028
1.60072
1.63729
1.98828
3.1308
1.45983
1.49389
0.764561
0.211717
1
0.93
0.82
0.64
0.34
0.94
0.321194
1.12565
0.574835
1.03446
0.873492
1.0987
0.211422
-1.50128
-0.968494
-1.00569
-0.735624
0.773388
1.57645
1.83256
2.04149
1.63314
2.50019
2.21087
1.40395
0.753177
0.044561
0.344418
0.66
0.74
0.04
0.01
0.59
0.38
0.351085
0.391773
-0.214813
-0.402563
0.349787
0.642124
-0.211586
-0.121874
-0.319915
-0.48922
0.258791
0.520653
0.970529
1.27255
1.79649
0.698321
0.525665
0.859246
0.166202
0.868081
0.524561
0.574561
0.84
0.65
0.89
0.38
0.55
0.28
0.780721
0.991068
0.130569
0.0231681
0.440778
-0.571125
-0.24495
0.557031
-0.160787
-0.380832
0.677717
0.701064
1.02683
0.739092
0.54534
0.106875
0.697812
0.254435
-0.381608
0.470319
0.164561
0.314561
0.17
0.02
0.38
0.27
0.28
0.59
0.295208
0.641068
0.877455
0.516816
-0.0944206
-1.11988
-0.927038
-0.899059
0.628108
0.781222
0.710088
-0.0839255
-0.0239299
0.412055
0.0382722
0.0508739
0.0439307
0.361678
-0.673856
0.0744229
0.044561
0.292701
0.96
0.84
0.37
0.98
0.16
0.56
0.63
0.34
0.80766
0.208211
0.118369
0.110781
-0.31148
0.3826
0.0150625
0.580166
-0.269098
-0.0184055
-0.253128
0.207636
-0.143186
-0.115286
-0.619727
0.0166734
-0.452468
-0.509131
0.59
0.89
0.88
0.37
0.81
0.37
0.11
0.56
0.95
0.33
0.821087
0.128391
0.31791
-0.507459
0.112977
0.346186
0.384071
0.647556
0.31566
0.458896
0.659978
0.913135
0.590324
0.166788
0.353167
-0.145268
0.0447322
0.581861
0.89
0.69
0.71
0.27
0.33
0.61
0.22
0.91
0.55
0.46
0.15
0.83
0.28
0.75
0.250782
0.721513
0.761513
0.511513
-0.0444995
0.78969
0.0245913
0.728507
0.623194
0.56
0.33
0.65
0.87
0.64
0.66
0.22
0.84
0.42
1
0.47
0.45
0.23
0.46
0.83
0.68
0.44
0.74
0.77
0.781513
-0.0284873
0.371513
0.0815127
0.63691
0.87
0.96
0.39
0.74
0.6
0.7
0.57
0.06
0.74
0.65
0.98
0.85
0.89
0.08
0.68
