0.71
0.97
0.13
0.29
0.62
0.61
0.01
0.56
0.11
0.75
0.983411
0.623765
0.783765
0.273765
0.22
0.05
0.28447
0.0498447
0.36362
0.47
0
0.4
0.23
0.5
0.03
0.67
0.78
0.69
0.28
0.32
0.86
0.6
0.03
0.04
0.62
0.69
0.87
0.62189
0.0637736
0.652696
1.22105
0.881536
0.706443
0.901644
0.528253
0.471415
0.63184
0.824973
0.394349
0.55203
0.9
0.16
0.71
0.36
0.83
0.87
0.31
0.77
0.45
0.64
1.00121
0.594314
1.1019
0.718295
1.09042
0.499269
0.473563
1.16464
1.95601
1.35594
1.57125
0.795147
0.909115
0.694143
0.633318
0.0839653
0.541903
0.964975
0.142347
0.65
0.94
0.65
0.85
0.3
0.84
0.5
0.35
0.67
0.620894
0.944551
0.817008
0.849015
1.13699
0.59708
1.20013
1.43448
1.1363
1.40465
1.48859
0.829083
0.540355
0.470566
0.275146
0.797554
0.176145
0.490343
0.405735
-2.50803e-05
0.27
0.28
0.96
0.22
0.73
0.04
0.34
0.94
0.18442
0.633736
1.08533
0.746264
1.25259
0.762714
1.72951
1.45272
1.5938
1.54528
0.717386
1.18649
1.24905
1.04746
0.838713
1.0766
0.883882
0.477958
0.557333
0.739935
0.34
0.82
0.08
0.52
0.19
0.99
0.88
0.27939
0.36251
0.972634
0.234886
0.511881
0.678757
1.48667
1.80991
1.82017
1.21941
0.927987
1.10356
1.08808
0.965325
1.07088
0.442886
1.14152
0.453054
0.454032
0.989646
0.819933
0.85
0.81
0.35
0.85
0.8
0.2
0.81
0.488107
0.0792369
0.743293
1.05865
1.05803
1.13136
1.23985
1.58523
1.5435
0.836686
0.788875
0.969946
0.422299
0.349759
0.908303
1.26831
0.640565
0.691272
0.688049
0.111098
0.119961
0.73
0.59
0.99
0.18
0.43
0.67
0.41
0.0089798
0.0398953
0.196666
0.439828
0.421576
1.02514
1.90572
1.77036
1.36082
0.424226
0.810408
1.00789
0.668247
1.09313
0.355627
0.57432
0.700428
0.631649
0.414673
0.0284304
0.66
0.37
0.98
0.2
0.43
0.47
0.38
0.12
0.549997
0.151317
1.0453
1.0225
1.0154
1.48672
1.86011
1.15419
1.42143
0.142269
0.939022
1.32076
0.892504
0.669594
0.312165
1.33069
1.3125
1.2362
0.496243
0.525865
0.74
0.78
0.35
0.51
0.14
0.34
0.42
0.3
0.0918182
0.125689
1.00284
0.862087
0.714827
1.13146
1.38537
1.25306
1.34099
0.916102
0.230085
1.00465
1.38815
1.70871
0.466648
0.493354
0.858532
0.883891
0.717735
0.0473682
0.21
0.83
0.51
0.6
0.89
0.17
0.74
0.2
0.395841
0.317971
0.748238
0.87601
1.17906
1.7236
1.83435
1.68052
0.782068
0.136998
0.271379
1.70892
1.0683
1.81419
0.939165
1.22788
0.41549
0.492899
0.73924
0.900005
0.43
0.09
0.87
0.34
0.38
0.22
0.74
0.31
0.296248
1.01633
0.71772
0.963568
0.975655
1.07547
1.84966
1.25782
0.77514
1.42829
1.11375
1.61481
0.99631
1.13248
1.56308
0.863663
0.888272
0.0915726
0.16699
0.528552
0.33
0.58
0.84
0.48
0.98
0.21
0.89
0.46
0.45304
0.296041
0.578765
0.525786
1.2108
1.58489
1.00074
1.66834
1.55993
1.53014
1.46847
0.990093
1.2831
1.91942
2.16977
1.03475
0.624329
0.382399
0.0136377
0.915487
0.72
0.9
0.36
0.39
0.34
0.76
0.81
0.66
0.500005
0.0186787
0.464813
0.801378
1.61018
1.70901
1.77801
1.45454
1.33905
1.4218
1.61481
1.22782
1.76486
1.38588
1.15836
0.690343
1.03441
0.28756
0.0804019
0.972032
0.81
0.97
0.99
0.38
0.65
0.96
0.29
0.340002
0.970002
0.561009
0.152309
0.348178
0.670557
1.01449
1.19783
1.32738
1.32373
1.13681
0.257212
1.18933
1.40011
1.68285
0.731831
0.735105
1.08898
0.818336
0.968477
0.452853
0.0191846
0.63
0.69
0.83
0.03
0.62
0.81
0.250006
0.680002
0.141945
0.815667
0.26563
0.296205
0.814293
0.809278
0.128908
0.223632
0.676401
0.171948
1.44042
2.12898
1.51007
0.425795
0.769918
0.878108
1.05659
0.895992
0.322735
0.577902
0.439185
0.34
0.54
0.39
0.21
0.72
0.980006
0.0800017
0.571947
0.922674
0.174854
0.138961
0.395077
0.153473
1.04785
0.732404
0.163878
0.729289
1.92422
2.01062
1.77986
0.943012
1.0168
0.0636177
0.360451
0.253569
0.682735
0.107834
0.707902
0.01
0.56
0.82
0.76
0.88
0.200006
0.900002
0.981861
0.582289
1.10212
0.818282
0.797697
0.948804
0.462933
0.569571
0.589584
0.736384
1.88808
2.04852
1.62092
1.08534
0.256694
0.636512
0.179765
0.704741
0.780748
0.777834
0.738717
0
0.67
0.98
0.65
0.68
0.640006
0.740002
0.634434
0.976281
0.609905
0.27444
0.568089
1.0356
0.558669
0.476065
1.06898
0.826116
2.08968
1.84755
1.82169
0.270087
1.0797
1.0312
0.097288
0.176526
0.210017
0.17
0.4
0.37
0.15
0.26
0.58
0.31
0.860003
0.210002
0.163112
1.05779
0.252059
0.257864
0.74711
0.437943
0.987975
0.884023
1.25879
1.25841
1.55827
1.70654
1.52952
0.546336
0.23993
0.84351
0.773182
0.350017
0.74
0.87
0.4
0.07
0.6
0.83
0.87
0.71
0.86
3.55429e-07
0.433279
0.511824
0.721391
0.249498
0.286228
1.21666
0.480559
0.420483
1.23067
1.36886
1.80121
1.85023
1.13995
0.659781
0.78088
0.415204
0.366789
0.960148
0.29
0.33
0.12
0.64
0.66
0.63
0.57
0.2
0.93
0.66
0.361707
0.1171
0.629785
0.601941
0.49225
1.13866
0.902676
0.732515
0.582637
0.622365
1.32539
1.26217
0.882944
0.739836
0.390154
0.53415
0.953308
0.410382
0.46
0.84
0.45
0.49
0.14
0.07
0.33
0.71
0.98
0.23
0.853012
0.705286
0.22494
0.839258
0.459348
0.82908
0.617746
0.991397
0.814078
1.32524
0.634027
0.124565
1.06574
0.846681
0.485757
0.910681
0.510394
0.510234
0.82
0.44
0.38
0.02
0.99
0.26
0.59
0.85
1
0.54
0.590036
0.499268
0.18295
0.475367
0.0855756
0.639003
0.810724
1.158
0.578278
0.325016
0.367246
0.983621
0.573287
0.679866
0.499162
0.0999998
0.58
0.93
0.06
0
0.32
0.48
0.41
0.27
0
0.67
0.11
0.82
0.560017
0.200037
0.334297
0.859221
0.499834
0.925371
0.96392
0.690499
1.17427
0.0737781
0.244248
0.433627
0.406177
0.83945
0.21945
0.81
0.12
0.99
0.8
0.7
0.96
0.07
0.7
0.64
0.04
0.81
0.2
0.29
0.24
0.39
0.589997
0.779995
0.737763
0.983826
0.882635
0.763635
0.507121
0.497424
0.238392
0.876554
0.713481
0.22945
0.515596
0.61
0.77
0.26
0.84
0.67
0.93
0.38
0.25
0.34
0.1
0.54
0.03
0.8
0.8
0.71
0.06
0.68
0.332839
0.582095
0.782095
0.442095
0.514823
0.532535
0.211818
0.713862
0.832287
0.53
0.44
0.69
0.8
0.49
0.09
0.4
0.76
0.3
0.4
0.99
0.14
0.25
0.42
0.6
0.95
0.37
0.79
0.6
0.0520948
0.502095
0.542095
0.412095
0.769752
0.7
0.83
0.39
0.59
0.77
0.3
0.85
0.45
0.77
0.87
0.87
0.29
0.09
0.89
0.4
