0.08
0.47
0.62
0.38
0.68
0.72
0.98
0.27
0.64
0.21
0.438116
0.447921
0.587921
0.797921
0.94
0.99
0.489933
0.279876
0.319922
0.31
0.49
0.98
0.66
0.17
0.97
0.24
0.8
0.96
0.94
0.46
0.91
0.91
0.84
0.29
0.58
0.95
0.860714
0.217385
0.411936
0.110278
0.641056
0.250997
0.511628
0.598277
0.465116
0.484806
0.00481162
0.0349719
0.136858
0.834643
0.95
0.48
0.97
0.11
0.78
0.71
0.39
0.79
0
0.36
-0.00298066
0.228327
0.463933
0.053097
0.847791
0.635885
0.635119
0.868226
0.296001
0.711713
0.20449
-0.225223
0.69082
-0.0601345
0.310399
0.126415
0.298904
0.825744
0.0252446
0.94
0.78
0.88
0.25
0.32
0.72
0.55
0.87
0.85
0.244012
0.509581
0.901363
1.18848
0.945412
0.828532
0.891873
0.844197
0.123407
0.436823
0.173111
0.458098
0.422967
0.661358
0.392808
0.871069
0.0850609
0.885542
0.615709
0.830733
0.81
0.1
0.87
0.74
0.29
0.96
0.71
0.960085
0.720757
0.390064
0.587432
1.25702
0.811596
0.866242
0.926961
0.986761
0.440863
0.148769
0.352671
-0.068879
-0.420682
-0.355245
-0.0422062
0.735871
0.337596
0.536557
0.112384
0.0361576
0.29
0.2
0.26
0.26
0.4
0.58
0.98
0.351407
0.947002
0.266772
0.655613
1.02222
0.483196
1.0338
0.871075
0.464958
0.404951
0.385183
0.531904
0.534755
0.563859
0.0245401
-0.138133
-0.185628
0.924097
0.317941
0.761132
0.745385
0.92
0.16
0.73
0.5
0.11
0.61
0.17
0.853915
0.752722
0.736344
0.864924
0.718507
0.527441
0.743461
0.472014
-0.627865
0.21982
0.0297609
0.0779674
-0.642475
-0.489221
-0.384925
-0.0455425
0.47543
0.412722
1.13475
0.343688
0.975424
0.53
0.67
0.77
0.71
0.88
0.31
1.00076
0.373524
0.0711394
0.517368
0.323215
0.381919
0.442027
-0.234116
-0.676947
0.161277
-0.254026
-0.575297
-0.670413
-0.359651
0.420104
0.512051
-0.245319
-0.0849427
0.317815
0.24471
0.287617
0.718309
0.95
0.81
0.37
0.98
0.77
0.2
0.751686
0.817165
0.726002
0.368836
0.638289
0.552218
-0.374181
-1.04354
-0.529718
-1.0419
-0.268383
0.0964689
0.242378
0.245596
-0.864708
-0.114671
-0.337318
0.314814
0.252415
1.06862
0.120453
0.775708
0.61
0.11
0.5
0.93
0.42
0.46
0.951861
0.948604
0.89297
0.799147
-0.191867
-0.329387
-1.05454
-0.831417
-0.297789
-0.161864
-0.468074
0.875087
0.429178
0.502102
-0.193404
-0.238095
-0.45563
0.475447
0.556578
0.469536
0.330504
-0.00449111
-0.00211346
0.37
0.44
0.17
0.99
0.34
0.0918614
0.700993
-0.0350681
-0.194999
-0.576873
-0.378471
-0.534101
-0.872021
-0.832647
0.315329
0.0215539
0.932332
0.550666
0.387675
-0.246253
-0.401934
-0.00950879
1.00591
0.758963
0.728947
0.760912
0.705509
0.51565
0.69
0.42
0.1
0.85
0.0505256
0.356461
-0.0605699
-0.0365481
-0.101762
-0.553823
-1.13927
-0.823803
-0.629616
0.239141
0.483081
0.242672
0.721021
0.734799
0.277754
0.0953922
-0.035937
0.278865
-0.0416506
0.774766
-0.0624681
0.169635
0.975509
0.375509
0.33
0.17
0.39
0.74
0.741686
1.0487
0.549096
-1.01963
-0.82177
-1.19748
-0.308752
-0.164301
0.487164
0.501418
-0.00716942
0.588196
0.766049
0.299897
-0.0727388
0.345377
0.297533
0.518308
0.524625
-0.00532238
0.347121
0.627071
0.255509
0.575509
0.29
0.4
0.78
0.65
0.371861
0.493571
0.703995
-0.928789
-0.882192
-0.366306
0.0498418
0.651701
-0.156189
-0.193342
0.190438
-0.181868
0.850332
0.179133
-0.22823
0.327102
-0.194497
0.160588
0.630464
0.865264
-0.111837
0.723609
0.735509
0.357059
0.82
0.27
0.47
0.350526
0.471861
0.0836204
0.462731
0.232639
-0.315768
-0.328545
0.638775
0.271062
-0.090657
0.598089
-0.341379
-0.0765975
0.438586
-0.778637
0.287579
0.261995
-0.195516
0.210467
0.191308
0.837465
0.91786
0.350321
0.596272
0.209859
0.09
0.63
0.31
0.741628
0.461861
0.593722
0.13058
0.0640039
0.897789
0.838612
0.643859
0.301426
0.379314
0.40056
1.02177
0.448957
-0.102836
-0.289775
-0.689763
-0.550245
-0.220128
0.0464118
0.35238
0.487635
0.419951
0.291064
0.529305
0.960763
0.38
0.05
0.32
0.500876
0.231861
0.733738
0.0601569
0.332444
0.87801
0.577463
0.670748
0.259489
1.01523
1.13648
0.730926
0.597317
0.132856
-0.249435
-0.607564
-0.409078
0.372289
0.622149
0.760544
0.540663
0.329877
0.868007
0.582027
0.311964
0.91
0.9
0.8
0.49
0.120876
0.162116
0.130157
0.23399
0.303531
0.67869
0.51117
0.943825
0.905478
1.25319
0.163169
-0.00888205
-0.388299
-0.558413
0.140384
0.387261
0.189135
0.555215
0.900395
0.772356
0.855405
0.781061
0.242028
0.831201
1
0.23
0.75
0.74
0.88
0.866358
0.0901569
0.11884
0.619359
1.22649
0.872746
1.37934
1.07157
0.999146
1.04202
-0.3642
-0.777268
-0.221748
-0.100589
1.08631
0.527641
0.730442
0.835633
0.602322
0.0175512
0.73257
0.17
0.12
0.25
0.79
0.32
0.07
0.32
0.0218856
0.618506
1.1064
0.444232
0.912953
1.339
1.29714
1.02149
0.715669
0.516413
-0.445354
-0.279228
0.610108
0.955117
1.14965
1.1473
1.06984
0.162422
-0.0601805
0.632844
0.805333
0.570714
0.56
0.94
0.89
0.62
0.95
0.24
0.680882
0.172437
0.89429
0.385626
0.739293
1.28787
1.04768
1.3792
0.696705
0.141306
0.477753
-0.019714
-0.0433384
0.990982
0.177281
0.973537
0.992601
0.116494
0.557076
0.975333
0.615333
0.0961072
0.05
0.08
0.86
0.66
0.48
0.04
0.340006
0.528797
1.05704
0.667505
1.39769
1.1454
0.763358
1.40879
-0.0909501
0.153359
0.243743
0.884017
1.10859
0.674474
0.802635
0.608455
0.406169
0.646715
0.869959
0.715333
0.265333
0.115333
0.51
0.06
0.79
0.51
0.45
0.89
0.360006
0.0400058
0.0515577
0.43283
1.06861
0.585182
0.464258
0.418813
-0.115931
0.119998
0.397549
0.599934
0.560693
0.857228
0.789743
0.433697
0.883688
0.764447
0.436229
-0.0146669
0.855333
0.965333
0.2
0.77
0.05
0.1
0.72
0.05
0.450003
0.0900058
0.190902
0.644483
0.890473
1.23309
0.268695
-0.51838
-0.0355152
-0.532577
-0.0352094
0.726922
0.795107
0.715967
0.438877
0.756025
0.634061
0.56752
0.70627
0.135338
0.565333
0.955393
0.32
0.77
0.47
0.02
0.65
0.21
0.82
0.09
0.710436
0.650069
0.245585
0.812879
0.640615
0.0417394
-0.0428244
-1.01245
0.251644
0.597051
0.558755
0.0538894
0.691648
0.381676
0.145172
0.180938
0.190561
0.510013
0.57
0.83
0.41
0.2
0.78
0.02
0.2
0.37
0.57
0.41
0.67
0.850029
0.260574
0.800067
0.057834
0.681998
0.0902002
-0.00336943
0.420492
0.33287
0.64045
0.0491459
0.769486
0.833489
1.00313
0.080013
0.330013
0.130008
0.71
0.88
0.11
0.67
0.82
0.34
0.68
0.83
0.83
0.27
0
0.76
0.29
0.06
0.409676
-0.0807476
0.269252
0.0392524
0.457471
0.755139
-0.0258405
0.505089
0.417484
0.07
0.91
0.09
0.85
0.66
0.52
0.66
0.91
0.49
0.55
0.15
0.85
0.53
0.91
0.11
0.39
0.41
0.57
0.45
0.109252
0.459252
0.329252
0.709252
0.786526
0.17
0.8
1
0.09
0.99
0.55
0.77
0.66
0.29
0.91
0.84
0.44
0.95
0.11
0.72
