0.77
0.25
0.36
0.6
0.25
0.71
0.52
0.13
0.36
0.2
0.049991
0.70999
0.36999
0.66999
0.38
0.41
0.359913
0.55984
0.4599
0.56
0.19
0.29
0.27
0.42
0.9
0.53
0.14
0.84
0.86
0.28
0.41
0.41
0
0.38
0.84
0.39
0.96
0.629995
0.0502256
0.205035
0.197314
0.089175
0.512233
0.637368
0.700944
0.751472
0.301478
0.541685
0.0102185
0.664776
0.39
0.52
0.63
0.72
0.7
0.04
0.66
0.81
0.07
1
0.610167
0.761466
0.533529
0.826212
0.974445
0.165114
0.305119
0.884211
0.669236
0.739224
0.933395
0.206561
0.888383
0.435426
0.638114
0.0833071
0.426562
0.151696
0.645531
0.19
0.3
0.37
0.92
0.24
0.4
0.56
0.04
0.54
0.254618
0.358803
0.564147
1.13838
0.926031
0.378636
0.841
0.602628
1.33978
1.02471
0.703295
0.944686
0.71552
0.540696
0.998788
0.607137
0.987098
0.86401
0.836092
0.849869
0.82
0.63
0.85
0.67
0.65
0.53
0
0.380007
0.954046
0.431237
0.298993
0.563178
0.82776
0.451725
1.08793
1.20973
1.09805
1.26672
1.00863
1.58928
0.876005
0.379557
1.06097
0.888233
0.296169
0.442575
0.853967
0.359662
0.22
0.46
0.68
0.72
0.88
0.06
0.32
0.960654
0.800228
0.738228
1.06308
0.277166
1.23466
0.814726
1.04257
1.66396
0.982709
1.7791
1.76998
0.999243
0.837686
1.10987
0.754195
1.01084
0.449816
0.511027
0.947788
0.449651
0.85
0.63
0.11
0.52
0.05
0.09
0.61
0.211907
0.902914
0.252413
0.175536
0.648786
0.357874
0.926132
1.47411
1.17795
1.23602
1.65992
0.836053
0.329578
1.04211
0.624032
1.33851
0.384821
0.116755
0.349654
0.363392
0.419794
1
0.82
0.82
0.59
0.86
0.57
0.97
0.921048
0.177108
0.194911
0.329512
0.398854
0.766564
1.06697
0.551275
1.33387
1.43978
0.953766
1.07143
0.412344
0.588934
1.02267
0.644326
0.645837
0.480341
0.82421
0.249641
0.75
0.72
0.2
0.21
0.04
0.4
0.05
0.15
0.11001
0.816253
0.765662
0.729394
0.0993946
0.548893
0.94974
0.742666
0.647494
0.212032
0.560498
0.538984
0.391099
0.643116
1.2326
0.452145
1.36411
0.593456
0.840767
0.290174
0.26
0.49
0.74
0.98
0.39
0.2
0.99
0.8
0.476248
0.879675
0.35745
0.823328
0.375221
1.13003
0.754309
1.37638
0.505484
0.807037
0.18857
0.980416
0.595514
0.454006
1.03443
0.385106
0.988107
0.743671
0.527197
0.556386
0.71
0.71
0.13
0.85
0.02
0.91
0.34
0.29
0.0579621
0.733042
0.333622
0.687431
0.975872
1.11411
1.35479
0.830226
0.1499
0.725829
1.20582
0.809254
1.06407
1.41272
0.740815
0.929287
0.584539
0.932976
0.221976
0.390831
0.56
0.09
0.92
0.14
0.01
0.5
0.41
0.66
0.587171
0.909147
0.360307
0.995345
0.835129
0.435252
0.586175
1.05659
-0.0221839
0.86649
1.24368
0.961649
1.00725
1.33749
0.733792
1.15179
0.512373
0.676461
0.365495
0.586393
0.69
0.47
0.44
0.82
0.69
0.05
0.77
0.56
0.343882
0.453848
0.208541
0.485642
1.07973
0.586946
0.457589
0.634623
0.92419
0.673906
1.18573
1.4764
1.76049
1.29522
1.34186
0.464942
0.106511
0.288996
0.557249
0.208198
0.14
0.81
1
0.61
0.45
0.16
0.3
0.06
0.0801471
0.596454
0.101324
1.03679
0.805068
0.588201
0.848647
0.21623
0.823633
0.755219
1.16712
0.922347
1.31756
1.50823
0.975474
0.375897
0.763866
1.04714
0.508003
0.441835
0.36
0.44
0.49
0.61
0.01
0.02
0.71
0.160042
0.920141
0.344283
0.341265
0.948071
1.02284
1.06436
1.2779
1.29561
1.20378
1.35419
1.0066
0.811668
1.52525
1.22474
1.41615
1.17349
1.31365
1.02159
0.437355
0.52559
0.0806956
0.43
0.1
0.73
0.65
0.42
0.14
0.460136
0.000139803
0.402749
0.634018
1.13859
0.831516
0.527185
1.2149
0.763865
0.646482
0.730333
1.44591
1.10984
1.61778
1.59976
0.576177
0.937217
1.24958
0.52451
0.433729
0.325951
0.78179
0.650696
0.8
0.39
0.63
0.86
0.94
0.60015
0.46014
0.247851
0.912778
0.389311
0.342154
0.712118
1.05957
0.815197
0.913613
0.790252
1.68062
1.66276
1.05158
1.19855
0.939187
0.370336
0.346291
0.905958
0.745478
0.825951
0.261848
0.0717897
0.41
0.37
0.22
0.66
0.47
0.74015
0.31014
0.708714
0.610004
0.535176
0.752229
0.367436
1.02939
1.06834
0.632199
0.717634
1.60274
0.841242
0.683883
1.08851
0.325648
0.818704
0.845706
0.774096
0.544223
0.0846178
0.941848
0.171094
0.18
0.63
0.6
0.49
0.78
0.910145
0.81014
0.0892973
0.870153
1.23541
0.641219
0.837478
0.844164
0.453885
0.532543
1.27451
1.492
0.873251
0.72585
0.686929
0.812894
0.89267
0.266182
0.486171
0.236161
0.0704941
0.55
0.39
0.27
0.55
0.71
0.76
0.13
0.470071
0.25014
0.600641
1.00278
0.66586
1.04285
0.656745
0.749918
0.840021
1.11521
1.10803
0.915222
1.35816
0.946489
0.518321
0.546675
0.461178
0.479536
0.813496
0.920494
0.13
0
0.34
0.46
0.88
0.38
0.33
0.51
0.73
0.610065
0.195099
0.326642
0.266118
0.447009
0.544114
1.38414
0.922737
1.16901
1.23521
1.18006
1.29175
1.42292
0.840699
0.65494
1.15176
0.0857292
0.496703
0.740812
0.26
0.74
0.07
0.2
0.64
0.2
0.43
0.9
0.61
0.67
0.704378
0.426969
0.302868
0.424302
0.922981
0.531895
1.13562
1.27971
1.34854
1.33446
1.71926
0.970931
1.12887
0.512914
0.504108
0.157902
0.868532
0.85209
0.96
0
0.78
0.55
0.73
0.67
0.59
0.07
0.84
0.96
0.936334
0.975843
0.564577
1.07271
0.71396
0.300556
0.271211
1.33953
1.35618
0.993567
1.3395
0.701621
1.06023
0.161296
0.684803
0.293743
0.64159
0.291278
0.29
0.18
0.5
0.39
0.36
0.03
0.16
0.74
0.9
0.89
0.710118
0.11562
0.182467
0.0727389
0.38189
0.867658
0.262141
1.24761
1.06891
0.465075
0.926335
1.05874
0.220214
0.610599
0.928966
0.56941
0.43941
0.359998
0.39
0.07
0.09
0.19
0.82
0.98
0.52
0.66
0.05
0.1
0.790057
0.830122
0.294526
0.520899
0.165678
0.453304
0.276309
1.12096
1.30415
1.11269
0.376776
0.905869
0.0748603
0.133868
0.563592
0.60941
0.559649
0.299995
0.94
0.81
0.19
0.59
0.16
0.67
0.83
0.13
0.19
0.92
0.34
0.83
0.619991
0.829984
0.260018
0.94008
1.00089
0.729032
0.285679
0.167339
0.176879
0.810979
0.0746302
0.573868
0.442288
0.789995
0.0999953
0.699997
0.52
0.46
0.48
0.15
0.26
0.56
0.08
0.73
0.85
0.88
0.65
0.79
0.06
0.34
0.37011
0.670121
0.990121
0.450121
0.490079
0.780074
0.470011
0.810023
0.0500135
0.55
0.19
0.95
0.67
0.28
0.56
0.75
0.51
0.49
0.42
0.9
0.06
0.07
0.75
0.41
0.89
0.2
0.71
0.85
0.0801212
0.650121
0.620121
0.360121
0.660004
0.42
0.52
1
0.81
0.84
0.3
0.65
0.55
0.25
0.86
0.6
0.96
0.23
0.59
0.9
