0.19
0.69
0.66
0.34
0.46
0.08
0.7
0.45
0.08
0.47
0.639037
0.821015
0.451015
0.191015
0.31
0.02
0.602645
0.739761
0.0884364
0.42
0.14
0.45
0.8
0.93
0.27
0.91
0.17
0.83
0.2
0.44
0.04
0.79
0.83
0.63
0.57
0.51
0.834404
0.744292
1.0509
1.11733
0.336284
0.48791
0.189122
-0.176409
0.770938
0.807388
0.589492
0.80446
0.60143
0.0540333
0.13
0.03
0.58
0.04
0.92
0.38
0.97
0.28
0.16
0.94
0.869954
0.289126
0.112014
0.909321
1.10334
0.532041
1.08158
0.363241
0.253895
0.0289518
-0.536495
-0.00270572
-0.353922
-0.958914
-0.819546
0.0595403
-0.084854
0.941145
0.353919
0.6
0.3
0.02
0.67
0.04
0.09
0.56
0.47
0.85
0.778714
-0.0957912
0.164143
0.714871
0.0371519
-0.0431618
0.0887763
-0.156024
0.269698
-0.470363
-0.574041
-0.837175
-0.557862
-0.737092
-0.476671
-0.168598
-0.041519
0.973397
0.806395
-0.0102207
0.92
0.85
0.07
0.5
0.55
0.01
0.6
0.499046
-0.0612662
0.715248
0.986184
0.222319
-0.179403
-0.49555
-0.325376
-0.249279
-0.137234
-0.434757
-1.33418
-1.05632
-1.01175
-1.35058
-1.2758
-0.449565
0.77056
0.682194
0.217468
0.0135993
0.37
0.47
0.47
0.22
0.44
0.22
0.81
0.749494
0.688283
0.914585
-0.0246235
-0.34505
-0.0593615
0.0186671
-0.674207
-0.486833
-0.172635
0.495282
-0.00959789
-0.388998
-0.283485
-0.596352
-1.22869
-0.909521
-0.029607
1.21343
-0.0431753
0.446914
0.37
0.54
0.52
0.33
0.13
0.68
0.96
0.195316
0.7463
1.04453
1.25472
0.537927
0.385478
0.725267
0.103352
0.366165
0.117863
0.684384
1.13665
0.284856
0.808016
-1.64513
-1.65318
-1.22629
-0.505595
0.44928
0.0554908
0.67382
0.44
0.81
0.54
0.14
0.78
0.83
0.158515
1.12719
0.395651
1.6488
2.30352
0.591451
0.676803
1.02805
0.947671
0.854254
1.34183
0.843327
1.1637
1.2846
1.01891
-0.261229
-1.63827
-2.17299
-0.0781823
-0.104229
0.296398
0.780369
0.66
0.39
0.42
0.38
0.85
0.96
0.911029
0.314695
0.961711
2.23093
2.08415
2.09289
1.66971
0.818191
0.400815
0.494805
0.119504
0.19295
0.151469
1.04393
1.29997
-0.31121
-0.533672
-1.51114
-0.0728515
0.455092
1.08891
0.000651683
0.46
0.67
0.22
0.56
0.31
0.36
0.856071
0.930187
1.49963
1.66819
2.0569
2.94212
1.47897
1.52024
0.721769
0.944754
0.714565
0.454052
0.367093
0.416878
0.184048
0.171444
0.535745
-1.79744
0.492002
-0.348349
0.612427
-0.0118316
0.847962
0.33
0.43
0.4
0.85
0.23
1.13607
1.13049
1.22684
1.88499
2.09902
1.94258
1.8415
1.9884
1.65171
0.728742
0.588156
0.635401
0.602004
0.0421598
-0.38586
-0.420283
0.221008
-1.64986
0.341927
-0.0280956
0.365356
0.458168
0.282304
0.55
0.23
0.67
0.15
0.665126
0.795026
1.15492
0.608837
0.771359
1.28109
1.90378
2.44601
2.28113
1.3951
1.90822
1.18975
1.43384
0.828838
-0.845039
-0.143033
-0.115223
0.385812
-1.15868
0.463131
-0.650465
0.716669
0.508168
-0.00183163
0.28
0.3
0.43
0.52
0.631029
0.856884
1.50065
0.722252
0.100004
0.800643
0.512635
2.0702
2.02755
1.60838
1.03558
0.125568
0.52875
-0.135424
0.0907876
0.209711
-0.0605865
0.291371
-0.674714
-0.428143
-0.634209
0.242986
0.608168
0.648168
0.15
0.63
0.2
0.7
0.456072
1.29174
1.32818
0.97091
1.01649
0.746663
1.83774
2.30654
2.08202
1.72006
0.967079
0.276309
0.00085751
0.361181
1.28939
0.372167
0.282999
0.801427
-0.509134
0.0222194
0.0357234
0.397859
0.498168
-0.0763368
0.12
0.46
0.55
0.445126
0.846071
0.589968
1.00665
1.25296
1.48168
1.17655
1.58089
1.54002
1.10664
0.961411
0.759505
0.604585
0.420341
1.11404
0.406544
0.0485718
-0.173077
-0.634972
-1.01581
-0.726587
0.204032
0.316125
0.072615
0.105864
0.05
0.02
0.3
1.18268
1.07607
0.671689
1.0602
0.610498
1.17341
1.02219
1.61389
1.13326
1.58965
0.950728
0.102384
0.918995
1.05334
0.936272
0.324281
0.487014
-0.678316
-1.56356
-0.322372
-1.15311
-0.126194
0.132551
0.56473
0.0844466
0.51
0.31
0.8
0.74521
0.696072
1.21477
0.802009
1.17252
0.919352
1.68941
1.2703
1.06929
1.09939
1.32008
1.62964
1.04571
1.13988
0.30431
0.365404
-0.614344
-1.32447
-1.33823
-0.315808
-0.86913
0.112936
-0.0592976
0.268999
-0.0472049
0.11
0.58
0.66
0.01
0.29521
0.742668
0.712009
1.1222
0.623259
0.528123
1.49094
1.34654
2.32968
2.62819
2.46695
2.42107
1.90149
1.54864
0.412787
-0.773943
-1.0586
-2.1915
-0.51575
0.351224
0.519305
0.189789
0.538999
0.438348
0.01
0.66
0.89
0.64
0.52
1.16906
1.08475
1.39195
1.56411
1.62057
1.95234
1.91571
1.43775
1.64035
1.72606
0.406319
0.422832
0.665703
0.746012
-0.75105
-0.963493
-2.18277
-0.233736
0.698484
0.510569
0.433801
0
0.96
0.94
0.85
0.02
0.41
0.22
0.566406
1.13037
1.39275
1.67546
1.07669
0.759385
0.717563
0.584599
0.109201
-0.930623
-0.706544
-0.845677
-0.0478976
0.287303
-0.260908
-0.676287
-1.47116
-0.0141123
0.451966
0.718108
0.448261
0.364404
0.35
0.58
0.9
0.02
0.18
0.07
1.01603
1.09773
2.08855
1.69016
1.14501
0.588128
0.502579
0.0895602
-0.230651
0.510511
0.321497
0.16882
-0.186387
0.262905
-0.671012
-1.35862
-0.0929063
0.260756
0.86703
0.449296
0.0982606
0.42706
0.96
0.91
0
0.36
0.08
0.92
0.809138
0.275658
1.26899
1.58752
1.10861
0.336523
0.955789
0.500666
0.393535
-0.371751
-0.209642
0.276587
-0.351478
-0.815311
-1.43303
-1.22633
-0.770135
-0.259326
0.690318
0.348311
0.638261
0.628261
0.65
0.47
0.93
0.35
0.97
0.57
1.10306
0.147374
0.718556
0.714579
0.282485
0.227446
1.11186
1.06056
0.682182
0.222725
0.0854247
-0.00419098
0.0919166
1.6182
0.241315
0.289163
-0.581771
0.163735
-0.566061
0.0858072
0.218261
0.0482606
0.68
0.82
0.03
0.34
0.66
0.65
0.984647
1.04737
0.756426
0.784197
0.720333
0.607066
0.163274
0.815007
1.23678
1.29871
1.20608
1.75876
0.923641
1.01613
0.963532
0.935316
0.654705
-0.589705
-0.666004
0.164649
0.738261
0.0726563
0.22
0.88
0.1
0.04
0.31
0.13
0.4
0.88
0.572974
0.913016
1.10101
0.370983
0.762888
0.451011
0.892864
0.274012
0.173481
0.570808
1.08922
1.3131
1.27266
0.929671
0.91416
-0.780635
-0.430507
0.288023
0.85
0.29
0.33
0.59
0.63
0.41
0.87
0.93
0.2
0
0.761142
1.01997
0.221698
0.423468
0.271683
0.0267829
0.189844
0.381487
-0.159624
0.524632
0.697007
0.784356
1.07882
1.06952
1.37264
0.242068
0.727718
0.221927
0.91
0.72
0.31
0.52
0.1
0.37
0.65
0.21
0.07
0.67
0.29
0.53
0.03
0.07
0.406443
0.370879
0.800879
0.760879
0.641282
0.89
0.671484
0.651902
0.859284
0.97
0.64
0.38
0.61
0.35
0.11
0.25
0.26
0.66
0.46
0.39
0.37
0.82
0.12
0.71
0.19
0.71
0.43
0.5
0.400879
0.850879
0.720879
0.180879
0.558145
0.67
0.96
0.86
0.21
0.5
0.81
0.64
0.54
0.73
0.28
0.62
0.64
0.2
0.51
0.35
