0.84
0.51
0.05
0.57
0.76
0.9
0.52
0.89
0.34
0.15
0.695475
0.395005
0.135005
0.955005
0.39
0.81
0.36178
0.143268
0.132053
0.8
0.46
0.6
0.84
0.26
0.83
0.3
0.33
0.16
0.95
0.35
0.36
0.94
0.65
0.98
0.78
0.81
0.313318
0.642187
0.455239
1.18153
1.26926
1.24364
0.268976
0.406203
0.610232
0.474394
0.174258
0.250031
-0.0847965
0.428177
0.54
0.35
0.16
0.27
0.35
0.66
0.81
0.09
0.81
0.07
0.584334
0.67054
0.704162
0.698727
0.317201
0.0429995
1.68078
1.28421
2.21621
2.12693
-0.244801
0.276791
0.289376
-0.253298
0.169489
0.138433
-0.148205
0.125019
0.715567
0.23
0.79
0.53
0.76
0.26
1
0.83
0.02
0.41
0.800957
0.502481
0.0968857
-1.11797
-1.05414
0.646847
0.369283
1.07554
1.40948
1.37008
0.125044
-1.29468
-0.824958
-0.448914
-0.506051
-0.0672855
0.0620406
0.487324
0.477172
-0.019857
0.45
0.12
0.58
0.77
0.99
0.24
0.31
0.364108
-0.0526779
-0.914178
-1.3569
-1.61923
-0.694494
-0.51243
0.728666
0.836053
1.03417
0.458072
-0.537299
-1.3266
-1.38934
-0.72809
-0.894811
-0.144347
-0.171979
0.362548
0.442282
0.575993
0.84
0.62
0.12
0.01
0.62
0.65
0.85
0.168129
-0.634208
-0.827577
-2.07619
-1.11197
-1.2073
-0.211459
1.44596
1.37176
-0.165975
0.021884
-0.0203635
0.306694
-0.142221
-0.761231
0.0582913
-0.597922
-0.316205
0.415311
0.789008
0.791005
0.09
0.62
0.82
0.73
0
0.28
0.56
-0.236734
-0.609339
-1.44983
-2.12873
-0.84481
0.00291969
1.95237
1.38242
0.704841
0.358115
0.82732
0.0173289
0.423269
0.327669
-0.653336
-0.198631
-0.508052
0.0408076
0.534233
0.982528
0.81585
0.62
0.19
0.4
0.6
0.29
0.81
0.960012
0.612111
-0.340141
-1.7972
-0.561056
0.168737
1.84744
2.87939
2.33813
1.84995
1.06953
0.952406
0.0659965
0.799225
1.29607
-0.0142589
-0.119511
0.218102
0.278021
0.32716
0.699447
0.632703
0.32
0.4
0.35
0.82
0.86
0.48
0.620026
0.122396
0.223522
-0.591272
1.53086
1.82129
3.03053
2.40256
1.80784
0.655384
-0.0898788
-0.236827
-0.287003
-0.152972
0.875715
0.68534
-0.0985633
0.790418
1.48865
0.624287
0.306429
0.319871
0.66
0.67
0.38
0.35
0.96
0.28
0.850028
0.304987
0.353206
1.27065
1.29261
2.29774
3.3734
0.680938
0.857698
0.987644
0.85663
0.0859369
0.589818
0.226665
-0.596576
0.0128979
-0.415332
0.376669
0.881175
1.56582
0.689393
0.973428
1.01338
0.73
0.42
0.87
0.25
0.33
0.370028
0.912905
0.227404
2.44816
2.1875
2.69982
1.8403
0.653543
1.04405
0.224403
-0.229404
-1.20979
-1.40389
-1.04672
-0.886983
-1.21399
-1.5099
-1.13493
0.505629
1.37893
1.45243
0.323428
0.74987
0.3
0.62
0.32
0.22
0.360008
0.886332
0.975096
1.2593
2.74758
2.50096
2.3682
1.77915
1.83018
0.489935
0.471018
-0.600473
-0.235457
-1.01046
-1.31509
-1.02532
-1.89808
-2.33338
-1.94093
-0.514348
0.641624
0.871632
0.763428
0.393429
0.45
0.65
0.27
0.61
0.840026
0.568585
0.314906
1.18824
3.30547
2.89325
2.99625
1.49866
1.28219
0.174432
-0.179873
-0.640404
-1.19935
-0.700483
-0.948941
-0.657976
-0.918839
-1.53393
-0.222022
0.024334
0.955303
0.395758
0.213428
0.513429
0.48
0.72
0.04
0.55
0.320028
0.377968
0.636386
2.0743
3.66079
3.76416
2.26885
1.75324
1.13081
-0.186494
-0.71582
-0.906905
-1.78712
-1.2099
0.145639
-0.186119
-0.894324
0.901537
-0.358668
0.317859
1.28865
0.790174
0.253428
0.904284
0.67
0.11
0.33
0.050008
0.410028
1.06666
1.43986
2.0443
3.85649
3.3525
2.93686
0.865427
0.908633
0.43001
-0.56084
0.000502789
-0.433583
0.332118
-0.248949
0.814713
0.0478704
1.27449
-0.979728
0.196097
0.905094
0.497272
0.496227
0.383559
0.17
0.87
0.76
0.990025
0.170028
0.529759
0.940644
1.31015
3.37033
2.93166
2.84377
1.77763
1.50548
1.50701
1.09434
0.573436
0.470767
0.341545
-0.597724
1.13048
0.404645
1.13477
-1.4225
-0.714505
0.571411
0.61429
1.18874
0.692799
0.01
0.03
0.77
0.130013
0.930028
0.370078
1.4079
1.65472
3.07051
2.78744
2.9905
2.02469
1.92895
1.68395
1.07877
1.58357
0.830087
1.32493
0.152823
0.812867
0.023931
0.923153
-0.576845
0.350154
0.153016
0.366094
0.646809
0.561576
0.67
0.36
0.54
0.05
0.290013
1.09493
1.3579
1.26589
2.8842
2.50221
3.19875
3.66602
1.58267
1.17722
1.46436
1.17967
1.59916
0.83747
1.62487
1.38315
-0.265341
0.306077
-0.71422
-0.616207
-0.016004
0.50965
0.466809
0.198777
0.59
0.94
0.74
0.79
0.23
0.263596
1.37878
1.10662
2.51431
2.49084
2.26278
1.96563
2.24231
1.27572
1.08766
1.67373
1.73005
2.30253
1.70502
0.156793
0.301853
-0.240306
0.492998
0.200096
-0.0865892
0.22348
0.95
0.06
0.5
0.21
0.91
0.74
0.92
0.791779
0.975328
1.76245
1.31667
2.53704
2.21647
2.25498
1.61598
1.54421
1.23438
1.55545
1.89106
1.95548
1.39751
0.167575
-0.26501
-0.743613
-0.150037
0.20832
-0.230205
0.645376
0.513318
0.84
0.56
0.92
0.07
0.84
0.59
0.551825
0.725975
1.52241
1.112
2.13292
1.99007
1.08969
1.49873
1.03085
1.80548
1.86916
0.960931
1.26229
0.704519
0.516875
-1.38917
-1.32517
-0.498743
-0.485895
0.552858
0.485376
0.644266
0.24
0.92
0.67
0.86
0.13
0.71
0.368266
0.551686
1.13715
0.990923
0.354421
0.736834
0.738592
0.44564
0.820199
1.10506
0.832097
1.11144
1.46375
-0.0296233
-0.966213
-0.997583
-0.352144
-0.556055
-0.10897
0.810215
0.535376
0.715376
0.17
0.4
0.29
0.9
0.65
0.08
0.243294
0.516599
0.781998
0.685138
-0.110737
0.00720008
-0.175462
0.429748
0.610918
-0.616137
-0.379619
0.195163
1.04085
0.693135
0.971856
0.0634597
0.539329
0.282729
0.912413
0.883545
0.155376
0.835376
0.15
0.6
0.69
0
0.74
0.74
0.579576
0.756599
0.847602
0.81063
-0.179138
0.133474
0.0169667
-0.266182
0.793815
0.43724
1.48487
1.28708
1.08992
1.47745
1.01587
1.65105
0.84685
1.16943
0.473134
0.284639
0.155376
0.860948
0.51
0.79
0.73
0.46
0.77
0.69
0.47
0.4
0.999629
0.519817
0.775653
0.739028
0.926957
0.662874
0.899928
0.964995
1.42972
0.611919
0.895854
1.33193
1.33634
0.839101
0.929422
1.1395
0.352107
0.936052
0.28
0.2
0.51
0.54
0.01
0.16
0.51
0.81
0.4
0.74
0.899992
0.710348
0.616116
0.699246
1.15544
0.432516
0.265331
0.349229
0.508071
0.658347
0.736811
0.0853859
0.67673
0.773565
1.2821
0.917275
0.418745
0.514255
0.2
0.92
0.16
0.99
0.55
0.41
0.94
0.03
0.36
0.44
0.23
0.5
0.83
0.39
0.337038
0.51712
0.95712
0.88712
0.700153
0.07
0.770511
0.201087
0.520643
0.01
0.44
0.44
0
0.25
0.16
0.32
0.56
0.4
0.01
0.42
0.24
0.99
0.25
0.56
0.61
0.74
0.25
0.63
0.24712
0.90712
0.63712
0.35712
0.153361
0.98
0.71
0.17
0.9
0.98
0.47
0.97
0.47
0.72
0.15
0.8
0.3
0.71
0.67
0.04
