0.38
0.2
0.76
0.14
0.78
0.95
0.03
0.43
0.14
0.92
0.681583
0.411748
0.891748
0.921748
0.02
0.63
0.0500011
0.440002
0.560001
0.6
0.96
0.24
0.46
0.34
0.49
0.68
0.14
0.97
0.84
0.72
0.92
0.54
0.36
0.77
0.02
0.7
0.73
0.830877
0.361989
0.191915
0.627289
0.823793
0.336431
0.436355
0.381123
0.154115
0.784115
0.484113
0.913597
0.231682
0.59
0.17
0.67
0.33
0.77
0.51
0.31
0.48
0.12
0.18
0.405313
0.668247
0.420712
1.18914
0.463492
1.10688
0.705697
1.54666
1.34788
1.75604
1.62322
1.18075
1.03199
0.485495
1.3216
0.308353
0.748395
0.794118
0.811951
0.84
0.32
0.03
0.03
0.14
0.97
0.1
0.54
0.14
0.667977
0.481765
0.699856
1.60076
1.16604
1.60231
1.61692
1.6606
1.29233
1.75157
0.894882
0.721279
1.13265
1.09853
1.22356
0.46288
0.732202
0.094891
0.0976156
0.0699382
0.92
0.75
0.86
0.06
0.83
0.78
0.02
0.780022
0.52386
0.586544
0.637426
1.45743
1.30721
1.63937
2.08912
1.58435
2.16727
1.11662
1.00458
0.651697
1.31086
1.34575
0.467304
1.42084
0.610289
0.455601
0.157641
0.589841
0.22
0.55
0.83
0.82
0.01
0.78
0.89
0.910752
0.407338
0.403761
1.07079
0.534251
0.368439
1.54423
1.44652
1.22821
1.48456
1.04464
1.21738
0.466092
0.87624
0.449164
1.18649
0.954997
1.19475
0.625474
0.686692
0.0398359
0.82
0.29
0
0.9
0.91
0.75
0.96
0.211745
0.322746
0.359203
0.0770941
0.674025
0.556989
1.34681
0.900309
0.803802
1.10775
1.17921
0.88337
0.470101
0.946634
0.580994
1.0628
0.982829
0.47165
0.715624
0.83289
0.869903
0.97
0.87
0.87
0.55
0.89
0.17
0.09
0.62111
0.183869
0.479862
0.738771
0.274725
0.368424
0.982984
0.916092
1.27099
0.895439
0.782561
0.723065
0.21176
0.316819
0.827828
1.3431
0.955558
0.945464
1.29537
0.0925415
0.87
0.42
0.09
0.47
0.53
0.95
0.29
0.71
0.840066
0.494234
0.628714
0.641711
0.582245
1.24594
1.72644
0.88703
1.62678
0.858528
1.09476
0.790842
0.908184
1.3761
0.72962
1.01411
1.07186
0.595383
0.78608
0.964251
0.77
0.36
0.55
0.65
0.47
0.59
0.07
0
0.940517
0.310754
0.72916
0.554459
0.492051
1.33776
1.46389
1.52139
0.625892
0.487563
0.925398
0.846723
1.8167
1.40208
1.27265
1.44994
0.973853
0.68738
0.89241
0.816741
0.4
0.03
0.7
0.2
0.04
0.95
0.7
0.16
0.88166
0.613485
0.0211034
0.0752783
0.555064
1.42283
1.2914
1.1303
0.223637
0.897537
0.943929
0.943666
1.12671
1.8528
1.63317
0.573728
1.28099
0.476645
0.71018
0.744802
0.58
0.21
0.52
0.55
0.13
0.24
0.7
0.19
0.742415
0.663458
0.026479
-0.0360361
0.861239
0.77456
1.15895
1.24426
1.64364
1.18909
1.12583
0.874363
1.95213
1.40322
1.24795
1.26214
0.523959
0.842751
0.559319
0.4918
0.5
0.83
0.13
0.53
0.56
0.6
0.64
0.91
0.062916
0.25629
0.439564
0.2134
1.22739
0.675136
1.41063
0.999563
0.787722
1.35419
1.20955
1.23314
1.25562
1.35163
1.27379
1.4639
0.867151
0.416181
0.143237
0.561175
0.93
0.46
0.46
0.45
0.08
1
0.67
0.709998
0.419924
-0.0238482
0.719957
0.216041
1.38508
1.0938
1.56238
1.56236
1.36979
0.795659
1.13691
1.18147
1.76442
1.55257
1.39793
1.30873
0.870218
0.137316
0.48654
0.671241
0.32
0.34
0.13
0.77
0.18
0.71
0.54
0.930636
0.374749
0.44317
-0.0288079
0.746555
1.2558
1.13671
1.51491
1.49213
0.877317
0.89803
0.932882
1.5645
1.89467
1.62834
0.720871
1.29029
0.173715
0.723562
0.839243
0.852913
0.62994
0.97
0.25
0.67
0.54
0.12
0.16
0.522057
0.293968
0.0335612
0.64479
0.836054
0.913072
0.800715
0.49752
0.583353
0.232893
0.490743
0.0990726
1.97519
1.41573
1.78682
0.955023
0.241996
0.928856
0.722696
0.726953
0.562992
0.309845
0.97994
0.03
0
0.24
0.97
0.6
0.322273
0.583974
0.859186
0.305216
0.436027
0.496546
0.775806
0.269262
0.502857
0.696166
0.63175
0.981639
1.66296
1.64117
1.8066
0.715408
0.518339
0.695189
0.49626
0.53575
0.532992
0.85984
0.739845
0.24
0.32
0.6
0.17
0.29
0.702273
0.733974
0.419701
0.847574
0.570377
0.540568
0.33528
0.736422
0.713113
1.03926
0.349415
0.704945
2.05424
1.80778
1.54708
0.747494
1.01715
0.700109
0.0499699
0.447271
0.292055
0.14984
0.119905
0.96
0.86
0.54
0.36
0.4
0.242202
0.913974
0.270297
0.64906
0.554631
1.12057
0.593019
0.840084
0.75893
0.854765
0.344847
0.536846
1.59774
1.58678
1.61921
0.86248
1.014
0.633821
0.0306405
0.0206126
0.530506
0.5
0.96
0.69
0.78
0.08
0.16
0.07
0.21107
0.174235
0.487894
0.510181
1.02877
0.678157
0.633172
0.546898
0.236769
0.758151
0.679658
0.562148
2.19083
1.32279
1.69559
0.351374
0.323787
0.118238
0.901437
0.920506
0.3
0.8
0.38
0.47
0.58
0.83
0.72
0.65
0.09
0.656416
0.154688
0.741127
1.13928
1.12106
0.56494
0.922067
0.842032
1.11175
0.924998
0.580295
1.44531
1.82708
1.25268
1.13898
0.355767
0.748953
0.966055
0.544584
0.53
0.57
0.21
0.03
0.91
0.84
0.3
0.51
0.31
-0.000260361
0.284063
1.21238
0.817704
1.29431
1.24958
0.866386
0.560433
0.680127
1.52186
1.51544
0.650685
1.52436
0.661215
1.04495
0.087498
1.04371
0.834497
0.981794
0.05
0.37
0.47
0.38
0.55
0.57
0.42
0.04
0.23
0.13
0.0962824
0.993641
0.933336
0.318226
0.625851
0.431872
0.73798
1.39232
0.877967
1.03879
0.246317
0.0954229
0.048219
0.0950224
0.558331
0.148729
0.442153
0.717208
0.48
0.83
0.01
0.79
0.19
0.9
0.1
0.49
0.87
0.03
0.231973
0.897766
1.03435
1.07739
0.165793
1.28119
0.807459
0.775328
0.340921
0.336907
0.28785
0.481178
0.863082
0.293777
0.923031
0.779926
0.599933
0.979975
0.62
0.77
0.87
0.22
0.21
0.83
0.3
0.81
0.68
0.09
0.9361
0.291708
0.507293
0.308644
0.214614
0.755984
0.887462
0.26889
0.904495
-0.0366604
0.498008
0.766657
0.852067
0.813031
0.333022
0.989926
0.449933
0.699948
0.19
0.32
0.01
0.6
0.04
0.71
0.68
0.57
0.02
0.4
0.87
0.399737
0.114796
0.921645
0.7411
0.670162
0.00470751
0.00304114
0.11858
0.674562
0.535021
0.898631
0.194671
0.543037
0.421778
0.65995
0.38995
0.109971
0.34
0.04
0.22
0.51
0.33
0.15
0.63
0.18
0.55
0.85
0.23
0.17
0.41
0.73
0.978252
0.878071
0.928071
0.0380707
0.218737
0.990055
0.279982
0.0899621
0.829978
0.38
0.74
0.4
0.04
0.42
0.62
0.76
0.36
0.2
0.76
0.23
0.79
0.13
0.29
0.61
0.02
0.59
0.34
0.33
0.338071
0.588071
0.988071
0.928071
0.439939
0.69
0.65
0.13
0.32
0.15
0.78
0.89
0.69
0.19
0.19
0.65
0.85
0.06
0.49
0.25
